key,taxon,source,field,tp,fp,fn,reference_values,predicted_values,reference_present,predicted_present,active,exact_match,reference_normalised,predicted_normalised,extra_values,missed_values
achillea millefolium|efloras.flora_of_china,achillea millefolium,efloras.flora_of_china,life form,1,0,0,1,1,True,True,True,True,"[""perennial""]","[""perennial""]",[],[]
achillea millefolium|efloras.flora_of_china,achillea millefolium,efloras.flora_of_china,habitat,1,0,0,1,1,True,True,True,True,"[""terrestrial""]","[""terrestrial""]",[],[]
achillea millefolium|efloras.flora_of_china,achillea millefolium,efloras.flora_of_china,habit,3,0,0,3,3,True,True,True,True,"[""erect leafy"", ""erect leafy/tussock"", ""herb""]","[""erect leafy"", ""erect leafy/tussock"", ""herb""]",[],[]
achillea millefolium|efloras.flora_of_china,achillea millefolium,efloras.flora_of_china,clonality,2,0,0,2,2,True,True,True,True,"[""rhizome"", ""solitary plant""]","[""rhizome"", ""solitary plant""]",[],[]
achillea millefolium|efloras.flora_of_china,achillea millefolium,efloras.flora_of_china,perennial organ,2,0,0,2,2,True,True,True,True,"[""rhizome"", ""stem""]","[""rhizome"", ""stem""]",[],[]
achillea millefolium|efloras.flora_of_china,achillea millefolium,efloras.flora_of_china,plant min. height [m],1,0,0,1,1,True,True,True,True,"[""0.4""]","[""0.4""]",[],[]
achillea millefolium|efloras.flora_of_china,achillea millefolium,efloras.flora_of_china,plant max. height [m],1,0,0,1,1,True,True,True,True,"[""1.0""]","[""1.0""]",[],[]
achillea millefolium|efloras.flora_of_china,achillea millefolium,efloras.flora_of_china,indumentum,1,2,1,2,3,True,True,True,False,"[""bristly"", ""glandular""]","[""glandular"", ""villous"", ""villouse""]","[""villous"", ""villouse""]","[""bristly""]"
achillea millefolium|efloras.flora_of_china,achillea millefolium,efloras.flora_of_china,spinescence,0,0,0,0,0,False,False,False,True,[],[],[],[]
achillea millefolium|efloras.flora_of_china,achillea millefolium,efloras.flora_of_china,succulence,0,0,0,0,0,False,False,False,True,[],[],[],[]
achillea millefolium|efloras.flora_of_china,achillea millefolium,efloras.flora_of_china,leaf arrangement,0,0,0,0,0,False,False,False,True,[],[],[],[]
achillea millefolium|efloras.flora_of_china,achillea millefolium,efloras.flora_of_china,leaf architecture,1,1,0,1,2,True,True,True,False,"[""pinnatisect""]","[""pinnatipartite"", ""pinnatisect""]","[""pinnatipartite""]",[]
achillea millefolium|efloras.flora_of_china,achillea millefolium,efloras.flora_of_china,leaf position,0,0,0,0,0,False,False,False,True,[],[],[],[]
achillea millefolium|efloras.flora_of_china,achillea millefolium,efloras.flora_of_china,leaf shape,3,0,0,3,3,True,True,True,True,"[""lanceolate"", ""linear"", ""oblong""]","[""lanceolate"", ""linear"", ""oblong""]",[],[]
achillea millefolium|efloras.flora_of_china,achillea millefolium,efloras.flora_of_china,leaf apex,1,1,0,1,2,True,True,True,False,"[""attenuate""]","[""attenuate"", ""lanceolate""]","[""lanceolate""]",[]
achillea millefolium|efloras.flora_of_china,achillea millefolium,efloras.flora_of_china,leaf base,0,0,0,0,0,False,False,False,True,[],[],[],[]
achillea millefolium|efloras.flora_of_china,achillea millefolium,efloras.flora_of_china,leaf margin,0,0,0,0,0,False,False,False,True,[],[],[],[]
achillea millefolium|efloras.flora_of_china,achillea millefolium,efloras.flora_of_china,leaf min. width [cm],1,0,0,1,1,True,True,True,True,"[""1.0""]","[""1.0""]",[],[]
achillea millefolium|efloras.flora_of_china,achillea millefolium,efloras.flora_of_china,leaf max. width [cm],1,0,0,1,1,True,True,True,True,"[""2.5""]","[""2.5""]",[],[]
achillea millefolium|efloras.flora_of_china,achillea millefolium,efloras.flora_of_china,leaf min. length [cm],1,0,0,1,1,True,True,True,True,"[""5.0""]","[""5.0""]",[],[]
achillea millefolium|efloras.flora_of_china,achillea millefolium,efloras.flora_of_china,leaf max. length [cm],1,0,0,1,1,True,True,True,True,"[""20.0""]","[""20.0""]",[],[]
achillea millefolium|efloras.flora_of_china,achillea millefolium,efloras.flora_of_china,bract colour,0,0,0,0,0,False,False,False,True,[],[],[],[]
achillea millefolium|efloras.flora_of_china,achillea millefolium,efloras.flora_of_china,bracteole colour,0,0,0,0,0,False,False,False,True,[],[],[],[]
achillea millefolium|efloras.flora_of_china,achillea millefolium,efloras.flora_of_china,inflorescence arrangement,0,0,2,2,0,True,False,True,False,"[""capitulum"", ""panicle""]",[],[],"[""capitulum"", ""panicle""]"
achillea millefolium|efloras.flora_of_china,achillea millefolium,efloras.flora_of_china,inflorescence orientation,0,0,0,0,0,False,False,False,True,[],[],[],[]
achillea millefolium|efloras.flora_of_china,achillea millefolium,efloras.flora_of_china,flower sex,0,0,0,0,0,False,False,False,True,[],[],[],[]
achillea millefolium|efloras.flora_of_china,achillea millefolium,efloras.flora_of_china,flower architecture,0,0,0,0,0,False,False,False,True,[],[],[],[]
achillea millefolium|efloras.flora_of_china,achillea millefolium,efloras.flora_of_china,flower merosity,0,0,0,0,0,False,False,False,True,[],[],[],[]
achillea millefolium|efloras.flora_of_china,achillea millefolium,efloras.flora_of_china,flower symmetry,0,0,0,0,0,False,False,False,True,[],[],[],[]
achillea millefolium|efloras.flora_of_china,achillea millefolium,efloras.flora_of_china,flower shape,0,0,1,1,0,True,False,True,False,"[""tubulate""]",[],[],"[""tubulate""]"
achillea millefolium|efloras.flora_of_china,achillea millefolium,efloras.flora_of_china,flower colour,0,0,3,3,0,True,False,True,False,"[""pink"", ""purple"", ""white""]",[],[],"[""pink"", ""purple"", ""white""]"
achillea millefolium|efloras.flora_of_china,achillea millefolium,efloras.flora_of_china,flower orientation,0,0,0,0,0,False,False,False,True,[],[],[],[]
achillea millefolium|efloras.flora_of_china,achillea millefolium,efloras.flora_of_china,petal fusion,0,0,0,0,0,False,False,False,True,[],[],[],[]
achillea millefolium|efloras.flora_of_china,achillea millefolium,efloras.flora_of_china,petal colour,0,0,0,0,0,False,False,False,True,[],[],[],[]
achillea millefolium|efloras.flora_of_china,achillea millefolium,efloras.flora_of_china,petal min. width [cm],0,0,0,0,0,False,False,False,True,[],[],[],[]
achillea millefolium|efloras.flora_of_china,achillea millefolium,efloras.flora_of_china,petal max. width [cm],0,0,0,0,0,False,False,False,True,[],[],[],[]
achillea millefolium|efloras.flora_of_china,achillea millefolium,efloras.flora_of_china,calyx colour,0,0,0,0,0,False,False,False,True,[],[],[],[]
achillea millefolium|efloras.flora_of_china,achillea millefolium,efloras.flora_of_china,calyx min. length [cm],0,0,0,0,0,False,False,False,True,[],[],[],[]
achillea millefolium|efloras.flora_of_china,achillea millefolium,efloras.flora_of_china,calyx max. length [cm],0,0,0,0,0,False,False,False,True,[],[],[],[]
achillea millefolium|efloras.flora_of_china,achillea millefolium,efloras.flora_of_china,corolla colour,0,0,0,0,0,False,False,False,True,[],[],[],[]
achillea millefolium|efloras.flora_of_china,achillea millefolium,efloras.flora_of_china,corolla tube min. length [cm],0,0,0,0,0,False,False,False,True,[],[],[],[]
achillea millefolium|efloras.flora_of_china,achillea millefolium,efloras.flora_of_china,corolla tube max. length [cm],0,0,0,0,0,False,False,False,True,[],[],[],[]
achillea millefolium|efloras.flora_of_china,achillea millefolium,efloras.flora_of_china,corolla tube lipped,0,0,0,0,0,False,False,False,True,[],[],[],[]
achillea millefolium|efloras.flora_of_china,achillea millefolium,efloras.flora_of_china,labellum colour,0,0,0,0,0,False,False,False,True,[],[],[],[]
achillea millefolium|efloras.flora_of_china,achillea millefolium,efloras.flora_of_china,labellum min. width [cm],0,0,0,0,0,False,False,False,True,[],[],[],[]
achillea millefolium|efloras.flora_of_china,achillea millefolium,efloras.flora_of_china,labellum max. width [cm],0,0,0,0,0,False,False,False,True,[],[],[],[]
achillea millefolium|efloras.flora_of_china,achillea millefolium,efloras.flora_of_china,spur min. length [cm],0,0,0,0,0,False,False,False,True,[],[],[],[]
achillea millefolium|efloras.flora_of_china,achillea millefolium,efloras.flora_of_china,spur max. length [cm],0,0,0,0,0,False,False,False,True,[],[],[],[]
achillea millefolium|efloras.flora_of_china,achillea millefolium,efloras.flora_of_china,reproduction architecture,0,0,0,0,0,False,False,False,True,[],[],[],[]
achillea millefolium|efloras.flora_of_china,achillea millefolium,efloras.flora_of_china,reproduction system,0,0,0,0,0,False,False,False,True,[],[],[],[]
achillea millefolium|efloras.flora_of_china,achillea millefolium,efloras.flora_of_china,stamen number,0,0,0,0,0,False,False,False,True,[],[],[],[]
achillea millefolium|efloras.flora_of_china,achillea millefolium,efloras.flora_of_china,stamen arrangement,0,0,0,0,0,False,False,False,True,[],[],[],[]
achillea millefolium|efloras.flora_of_china,achillea millefolium,efloras.flora_of_china,stamenoid number,0,0,0,0,0,False,False,False,True,[],[],[],[]
achillea millefolium|efloras.flora_of_china,achillea millefolium,efloras.flora_of_china,stamen min. length [cm],0,0,0,0,0,False,False,False,True,[],[],[],[]
achillea millefolium|efloras.flora_of_china,achillea millefolium,efloras.flora_of_china,stamen max. length [cm],0,0,0,0,0,False,False,False,True,[],[],[],[]
achillea millefolium|efloras.flora_of_china,achillea millefolium,efloras.flora_of_china,staminodium,0,0,0,0,0,False,False,False,True,[],[],[],[]
achillea millefolium|efloras.flora_of_china,achillea millefolium,efloras.flora_of_china,pollen colour,0,0,0,0,0,False,False,False,True,[],[],[],[]
achillea millefolium|efloras.flora_of_china,achillea millefolium,efloras.flora_of_china,carpel/ovary number,0,0,0,0,0,False,False,False,True,[],[],[],[]
achillea millefolium|efloras.flora_of_china,achillea millefolium,efloras.flora_of_china,gynoecium arrangement,0,0,0,0,0,False,False,False,True,[],[],[],[]
achillea millefolium|efloras.flora_of_china,achillea millefolium,efloras.flora_of_china,heterostyly,0,0,0,0,0,False,False,False,True,[],[],[],[]
achillea millefolium|efloras.flora_of_china,achillea millefolium,efloras.flora_of_china,pollination,0,0,0,0,0,False,False,False,True,[],[],[],[]
achillea millefolium|efloras.flora_of_china,achillea millefolium,efloras.flora_of_china,reward,0,0,0,0,0,False,False,False,True,[],[],[],[]
achillea millefolium|efloras.flora_of_china,achillea millefolium,efloras.flora_of_china,fruit type,0,0,1,1,0,True,False,True,False,"[""achene""]",[],[],"[""achene""]"
achillea millefolium|efloras.flora_of_china,achillea millefolium,efloras.flora_of_china,fruit structure,0,0,0,0,0,False,False,False,True,[],[],[],[]
achillea millefolium|efloras.flora_of_china,achillea millefolium,efloras.flora_of_china,fruit dehiscence,0,0,0,0,0,False,False,False,True,[],[],[],[]
achillea millefolium|efloras.flora_of_china,achillea millefolium,efloras.flora_of_china,fruit shape,0,0,0,0,0,False,False,False,True,[],[],[],[]
achillea millefolium|efloras.flora_of_china,achillea millefolium,efloras.flora_of_china,fruit colour,0,0,0,0,0,False,False,False,True,[],[],[],[]
achillea millefolium|efloras.flora_of_china,achillea millefolium,efloras.flora_of_china,seed colour,2,0,0,2,2,True,True,True,True,"[""green"", ""white""]","[""green"", ""white""]",[],[]
achillea millefolium|efloras.flora_of_china,achillea millefolium,efloras.flora_of_china,seeds per fruit min,0,0,0,0,0,False,False,False,True,[],[],[],[]
achillea millefolium|efloras.flora_of_china,achillea millefolium,efloras.flora_of_china,seeds per fruit max,0,0,0,0,0,False,False,False,True,[],[],[],[]
achillea millefolium|efloras.flora_of_china,achillea millefolium,efloras.flora_of_china,seeds per fruit min.,0,0,0,0,0,False,False,False,True,[],[],[],[]
achillea millefolium|efloras.flora_of_china,achillea millefolium,efloras.flora_of_china,seed min. width [mm],0,0,1,1,0,True,False,True,False,"[""2.0""]",[],[],"[""2.0""]"
achillea millefolium|efloras.flora_of_china,achillea millefolium,efloras.flora_of_china,seed max. width [mm],0,0,0,0,0,False,False,False,True,[],[],[],[]
achillea millefolium|efloras.flora_of_china,achillea millefolium,efloras.flora_of_china,seed min. length [mm],1,0,0,1,1,True,True,True,True,"[""2.0""]","[""2.0""]",[],[]
achillea millefolium|efloras.flora_of_china,achillea millefolium,efloras.flora_of_china,seed max. length [mm],0,1,0,0,1,False,True,True,False,[],"[""2.0""]","[""2.0""]",[]
achillea millefolium|efloras.flora_of_china,achillea millefolium,efloras.flora_of_china,seed min. diameter [mm],0,0,0,0,0,False,False,False,True,[],[],[],[]
achillea millefolium|efloras.flora_of_china,achillea millefolium,efloras.flora_of_china,seed max. diameter [mm],0,0,0,0,0,False,False,False,True,[],[],[],[]
achillea millefolium|efloras.flora_of_china,achillea millefolium,efloras.flora_of_china,dispersal mode,0,0,0,0,0,False,False,False,True,[],[],[],[]
achillea millefolium|efloras.flora_of_china,achillea millefolium,efloras.flora_of_china,ploidy level (2n),3,0,0,3,3,True,True,True,True,"[""18"", ""27"", ""36""]","[""18"", ""27"", ""36""]",[],[]
achillea millefolium|efloras.flora_of_china,achillea millefolium,efloras.flora_of_china,root min. depth [cm],0,0,0,0,0,False,False,False,True,[],[],[],[]
achillea millefolium|efloras.flora_of_china,achillea millefolium,efloras.flora_of_china,root max. depth [cm],0,0,0,0,0,False,False,False,True,[],[],[],[]
achillea millefolium|efloras.flora_of_north_america,achillea millefolium,efloras.flora_of_north_america,life form,1,0,0,1,1,True,True,True,True,"[""perennial""]","[""perennial""]",[],[]
achillea millefolium|efloras.flora_of_north_america,achillea millefolium,efloras.flora_of_north_america,habitat,1,0,0,1,1,True,True,True,True,"[""terrestrial""]","[""terrestrial""]",[],[]
achillea millefolium|efloras.flora_of_north_america,achillea millefolium,efloras.flora_of_north_america,habit,3,0,0,3,3,True,True,True,True,"[""erect leafy"", ""erect leafy/tussock"", ""stoloniferous""]","[""erect leafy"", ""erect leafy/tussock"", ""stoloniferous""]",[],[]
achillea millefolium|efloras.flora_of_north_america,achillea millefolium,efloras.flora_of_north_america,clonality,4,0,0,4,4,True,True,True,True,"[""rhizomatous"", ""rhizome"", ""solitary plant"", ""stoloniferous""]","[""rhizomatous"", ""rhizome"", ""solitary plant"", ""stoloniferous""]",[],[]
achillea millefolium|efloras.flora_of_north_america,achillea millefolium,efloras.flora_of_north_america,perennial organ,3,0,0,3,3,True,True,True,True,"[""rhizome"", ""stem"", ""stolon""]","[""rhizome"", ""stem"", ""stolon""]",[],[]
achillea millefolium|efloras.flora_of_north_america,achillea millefolium,efloras.flora_of_north_america,plant min. height [m],1,0,0,1,1,True,True,True,True,"[""0.06""]","[""0.06""]",[],[]
achillea millefolium|efloras.flora_of_north_america,achillea millefolium,efloras.flora_of_north_america,plant max. height [m],1,0,0,1,1,True,True,True,True,"[""0.65""]","[""0.65""]",[],[]
achillea millefolium|efloras.flora_of_north_america,achillea millefolium,efloras.flora_of_north_america,indumentum,3,0,0,3,3,True,True,True,True,"[""glabrous"", ""tomentose"", ""woolly""]","[""glabrous"", ""tomentose"", ""woolly""]",[],[]
achillea millefolium|efloras.flora_of_north_america,achillea millefolium,efloras.flora_of_north_america,spinescence,0,0,0,0,0,False,False,False,True,[],[],[],[]
achillea millefolium|efloras.flora_of_north_america,achillea millefolium,efloras.flora_of_north_america,succulence,0,0,0,0,0,False,False,False,True,[],[],[],[]
achillea millefolium|efloras.flora_of_north_america,achillea millefolium,efloras.flora_of_north_america,leaf arrangement,1,0,0,1,1,True,True,True,True,"[""simple""]","[""simple""]",[],[]
achillea millefolium|efloras.flora_of_north_america,achillea millefolium,efloras.flora_of_north_america,leaf architecture,1,0,0,1,1,True,True,True,True,"[""lobed""]","[""lobed""]",[],[]
achillea millefolium|efloras.flora_of_north_america,achillea millefolium,efloras.flora_of_north_america,leaf position,0,0,0,0,0,False,False,False,True,[],[],[],[]
achillea millefolium|efloras.flora_of_north_america,achillea millefolium,efloras.flora_of_north_america,leaf shape,3,0,0,3,3,True,True,True,True,"[""lanceolate"", ""lobate"", ""oblong""]","[""lanceolate"", ""lobate"", ""oblong""]",[],[]
achillea millefolium|efloras.flora_of_north_america,achillea millefolium,efloras.flora_of_north_america,leaf apex,1,0,0,1,1,True,True,True,True,"[""lanceolate""]","[""lanceolate""]",[],[]
achillea millefolium|efloras.flora_of_north_america,achillea millefolium,efloras.flora_of_north_america,leaf base,0,0,0,0,0,False,False,False,True,[],[],[],[]
achillea millefolium|efloras.flora_of_north_america,achillea millefolium,efloras.flora_of_north_america,leaf margin,0,0,0,0,0,False,False,False,True,[],[],[],[]
achillea millefolium|efloras.flora_of_north_america,achillea millefolium,efloras.flora_of_north_america,leaf min. width [cm],1,0,0,1,1,True,True,True,True,"[""0.5""]","[""0.5""]",[],[]
achillea millefolium|efloras.flora_of_north_america,achillea millefolium,efloras.flora_of_north_america,leaf max. width [cm],1,0,0,1,1,True,True,True,True,"[""3.5""]","[""3.5""]",[],[]
achillea millefolium|efloras.flora_of_north_america,achillea millefolium,efloras.flora_of_north_america,leaf min. length [cm],1,0,0,1,1,True,True,True,True,"[""3.5""]","[""3.5""]",[],[]
achillea millefolium|efloras.flora_of_north_america,achillea millefolium,efloras.flora_of_north_america,leaf max. length [cm],1,0,0,1,1,True,True,True,True,"[""35.0""]","[""35.0""]",[],[]
achillea millefolium|efloras.flora_of_north_america,achillea millefolium,efloras.flora_of_north_america,bract colour,0,0,0,0,0,False,False,False,True,[],[],[],[]
achillea millefolium|efloras.flora_of_north_america,achillea millefolium,efloras.flora_of_north_america,bracteole colour,0,0,0,0,0,False,False,False,True,[],[],[],[]
achillea millefolium|efloras.flora_of_north_america,achillea millefolium,efloras.flora_of_north_america,inflorescence arrangement,3,0,0,3,3,True,True,True,True,"[""capitulum"", ""compound"", ""corymb""]","[""capitulum"", ""compound"", ""corymb""]",[],[]
achillea millefolium|efloras.flora_of_north_america,achillea millefolium,efloras.flora_of_north_america,inflorescence orientation,0,0,0,0,0,False,False,False,True,[],[],[],[]
achillea millefolium|efloras.flora_of_north_america,achillea millefolium,efloras.flora_of_north_america,flower sex,1,0,0,1,1,True,True,True,True,"[""pistillate""]","[""pistillate""]",[],[]
achillea millefolium|efloras.flora_of_north_america,achillea millefolium,efloras.flora_of_north_america,flower architecture,0,0,0,0,0,False,False,False,True,[],[],[],[]
achillea millefolium|efloras.flora_of_north_america,achillea millefolium,efloras.flora_of_north_america,flower merosity,0,0,0,0,0,False,False,False,True,[],[],[],[]
achillea millefolium|efloras.flora_of_north_america,achillea millefolium,efloras.flora_of_north_america,flower symmetry,0,0,0,0,0,False,False,False,True,[],[],[],[]
achillea millefolium|efloras.flora_of_north_america,achillea millefolium,efloras.flora_of_north_america,flower shape,0,0,0,0,0,False,False,False,True,[],[],[],[]
achillea millefolium|efloras.flora_of_north_america,achillea millefolium,efloras.flora_of_north_america,flower colour,0,0,0,0,0,False,False,False,True,[],[],[],[]
achillea millefolium|efloras.flora_of_north_america,achillea millefolium,efloras.flora_of_north_america,flower orientation,0,0,0,0,0,False,False,False,True,[],[],[],[]
achillea millefolium|efloras.flora_of_north_america,achillea millefolium,efloras.flora_of_north_america,petal fusion,0,0,0,0,0,False,False,False,True,[],[],[],[]
achillea millefolium|efloras.flora_of_north_america,achillea millefolium,efloras.flora_of_north_america,petal colour,0,0,0,0,0,False,False,False,True,[],[],[],[]
achillea millefolium|efloras.flora_of_north_america,achillea millefolium,efloras.flora_of_north_america,petal min. width [cm],0,0,0,0,0,False,False,False,True,[],[],[],[]
achillea millefolium|efloras.flora_of_north_america,achillea millefolium,efloras.flora_of_north_america,petal max. width [cm],0,0,0,0,0,False,False,False,True,[],[],[],[]
achillea millefolium|efloras.flora_of_north_america,achillea millefolium,efloras.flora_of_north_america,calyx colour,0,0,0,0,0,False,False,False,True,[],[],[],[]
achillea millefolium|efloras.flora_of_north_america,achillea millefolium,efloras.flora_of_north_america,calyx min. length [cm],0,0,0,0,0,False,False,False,True,[],[],[],[]
achillea millefolium|efloras.flora_of_north_america,achillea millefolium,efloras.flora_of_north_america,calyx max. length [cm],0,0,0,0,0,False,False,False,True,[],[],[],[]
achillea millefolium|efloras.flora_of_north_america,achillea millefolium,efloras.flora_of_north_america,corolla colour,4,0,0,4,4,True,True,True,True,"[""gray"", ""pink"", ""purple"", ""white""]","[""gray"", ""pink"", ""purple"", ""white""]",[],[]
achillea millefolium|efloras.flora_of_north_america,achillea millefolium,efloras.flora_of_north_america,corolla tube min. length [cm],1,0,0,1,1,True,True,True,True,"[""0.15""]","[""0.15""]",[],[]
achillea millefolium|efloras.flora_of_north_america,achillea millefolium,efloras.flora_of_north_america,corolla tube max. length [cm],1,0,0,1,1,True,True,True,True,"[""0.3""]","[""0.3""]",[],[]
achillea millefolium|efloras.flora_of_north_america,achillea millefolium,efloras.flora_of_north_america,corolla tube lipped,0,0,0,0,0,False,False,False,True,[],[],[],[]
achillea millefolium|efloras.flora_of_north_america,achillea millefolium,efloras.flora_of_north_america,labellum colour,0,0,0,0,0,False,False,False,True,[],[],[],[]
achillea millefolium|efloras.flora_of_north_america,achillea millefolium,efloras.flora_of_north_america,labellum min. width [cm],0,0,0,0,0,False,False,False,True,[],[],[],[]
achillea millefolium|efloras.flora_of_north_america,achillea millefolium,efloras.flora_of_north_america,labellum max. width [cm],0,0,0,0,0,False,False,False,True,[],[],[],[]
achillea millefolium|efloras.flora_of_north_america,achillea millefolium,efloras.flora_of_north_america,spur min. length [cm],0,0,0,0,0,False,False,False,True,[],[],[],[]
achillea millefolium|efloras.flora_of_north_america,achillea millefolium,efloras.flora_of_north_america,spur max. length [cm],0,0,0,0,0,False,False,False,True,[],[],[],[]
achillea millefolium|efloras.flora_of_north_america,achillea millefolium,efloras.flora_of_north_america,reproduction architecture,0,0,0,0,0,False,False,False,True,[],[],[],[]
achillea millefolium|efloras.flora_of_north_america,achillea millefolium,efloras.flora_of_north_america,reproduction system,0,0,0,0,0,False,False,False,True,[],[],[],[]
achillea millefolium|efloras.flora_of_north_america,achillea millefolium,efloras.flora_of_north_america,stamen number,0,0,0,0,0,False,False,False,True,[],[],[],[]
achillea millefolium|efloras.flora_of_north_america,achillea millefolium,efloras.flora_of_north_america,stamen arrangement,0,0,0,0,0,False,False,False,True,[],[],[],[]
achillea millefolium|efloras.flora_of_north_america,achillea millefolium,efloras.flora_of_north_america,stamenoid number,0,0,0,0,0,False,False,False,True,[],[],[],[]
achillea millefolium|efloras.flora_of_north_america,achillea millefolium,efloras.flora_of_north_america,stamen min. length [cm],0,0,0,0,0,False,False,False,True,[],[],[],[]
achillea millefolium|efloras.flora_of_north_america,achillea millefolium,efloras.flora_of_north_america,stamen max. length [cm],0,0,0,0,0,False,False,False,True,[],[],[],[]
achillea millefolium|efloras.flora_of_north_america,achillea millefolium,efloras.flora_of_north_america,staminodium,0,0,0,0,0,False,False,False,True,[],[],[],[]
achillea millefolium|efloras.flora_of_north_america,achillea millefolium,efloras.flora_of_north_america,pollen colour,0,0,0,0,0,False,False,False,True,[],[],[],[]
achillea millefolium|efloras.flora_of_north_america,achillea millefolium,efloras.flora_of_north_america,carpel/ovary number,0,0,0,0,0,False,False,False,True,[],[],[],[]
achillea millefolium|efloras.flora_of_north_america,achillea millefolium,efloras.flora_of_north_america,gynoecium arrangement,0,0,0,0,0,False,False,False,True,[],[],[],[]
achillea millefolium|efloras.flora_of_north_america,achillea millefolium,efloras.flora_of_north_america,heterostyly,0,0,0,0,0,False,False,False,True,[],[],[],[]
achillea millefolium|efloras.flora_of_north_america,achillea millefolium,efloras.flora_of_north_america,pollination,0,0,0,0,0,False,False,False,True,[],[],[],[]
achillea millefolium|efloras.flora_of_north_america,achillea millefolium,efloras.flora_of_north_america,reward,0,0,0,0,0,False,False,False,True,[],[],[],[]
achillea millefolium|efloras.flora_of_north_america,achillea millefolium,efloras.flora_of_north_america,fruit type,0,0,1,1,0,True,False,True,False,"[""cypsela""]",[],[],"[""cypsela""]"
achillea millefolium|efloras.flora_of_north_america,achillea millefolium,efloras.flora_of_north_america,fruit structure,0,0,0,0,0,False,False,False,True,[],[],[],[]
achillea millefolium|efloras.flora_of_north_america,achillea millefolium,efloras.flora_of_north_america,fruit dehiscence,0,0,0,0,0,False,False,False,True,[],[],[],[]
achillea millefolium|efloras.flora_of_north_america,achillea millefolium,efloras.flora_of_north_america,fruit shape,0,0,0,0,0,False,False,False,True,[],[],[],[]
achillea millefolium|efloras.flora_of_north_america,achillea millefolium,efloras.flora_of_north_america,fruit colour,0,0,0,0,0,False,False,False,True,[],[],[],[]
achillea millefolium|efloras.flora_of_north_america,achillea millefolium,efloras.flora_of_north_america,seed colour,0,0,0,0,0,False,False,False,True,[],[],[],[]
achillea millefolium|efloras.flora_of_north_america,achillea millefolium,efloras.flora_of_north_america,seeds per fruit min,0,0,0,0,0,False,False,False,True,[],[],[],[]
achillea millefolium|efloras.flora_of_north_america,achillea millefolium,efloras.flora_of_north_america,seeds per fruit max,0,0,0,0,0,False,False,False,True,[],[],[],[]
achillea millefolium|efloras.flora_of_north_america,achillea millefolium,efloras.flora_of_north_america,seeds per fruit min.,0,0,0,0,0,False,False,False,True,[],[],[],[]
achillea millefolium|efloras.flora_of_north_america,achillea millefolium,efloras.flora_of_north_america,seed min. width [mm],0,0,0,0,0,False,False,False,True,[],[],[],[]
achillea millefolium|efloras.flora_of_north_america,achillea millefolium,efloras.flora_of_north_america,seed max. width [mm],0,0,0,0,0,False,False,False,True,[],[],[],[]
achillea millefolium|efloras.flora_of_north_america,achillea millefolium,efloras.flora_of_north_america,seed min. length [mm],0,0,0,0,0,False,False,False,True,[],[],[],[]
achillea millefolium|efloras.flora_of_north_america,achillea millefolium,efloras.flora_of_north_america,seed max. length [mm],0,0,0,0,0,False,False,False,True,[],[],[],[]
achillea millefolium|efloras.flora_of_north_america,achillea millefolium,efloras.flora_of_north_america,seed min. diameter [mm],0,0,0,0,0,False,False,False,True,[],[],[],[]
achillea millefolium|efloras.flora_of_north_america,achillea millefolium,efloras.flora_of_north_america,seed max. diameter [mm],0,0,0,0,0,False,False,False,True,[],[],[],[]
achillea millefolium|efloras.flora_of_north_america,achillea millefolium,efloras.flora_of_north_america,dispersal mode,1,0,0,1,1,True,True,True,True,"[""anemochory""]","[""anemochory""]",[],[]
achillea millefolium|efloras.flora_of_north_america,achillea millefolium,efloras.flora_of_north_america,ploidy level (2n),7,0,0,7,7,True,True,True,True,"[""18"", ""27"", ""36"", ""45"", ""54"", ""63"", ""72""]","[""18"", ""27"", ""36"", ""45"", ""54"", ""63"", ""72""]",[],[]
achillea millefolium|efloras.flora_of_north_america,achillea millefolium,efloras.flora_of_north_america,root min. depth [cm],0,0,0,0,0,False,False,False,True,[],[],[],[]
achillea millefolium|efloras.flora_of_north_america,achillea millefolium,efloras.flora_of_north_america,root max. depth [cm],0,0,0,0,0,False,False,False,True,[],[],[],[]
alchemilla alpina|efloras.flora_of_north_america,alchemilla alpina,efloras.flora_of_north_america,life form,0,0,0,0,0,False,False,False,True,[],[],[],[]
alchemilla alpina|efloras.flora_of_north_america,alchemilla alpina,efloras.flora_of_north_america,habitat,1,0,0,1,1,True,True,True,True,"[""terrestrial""]","[""terrestrial""]",[],[]
alchemilla alpina|efloras.flora_of_north_america,alchemilla alpina,efloras.flora_of_north_america,habit,1,0,0,1,1,True,True,True,True,"[""erect leafy""]","[""erect leafy""]",[],[]
alchemilla alpina|efloras.flora_of_north_america,alchemilla alpina,efloras.flora_of_north_america,clonality,1,0,0,1,1,True,True,True,True,"[""solitary plant""]","[""solitary plant""]",[],[]
alchemilla alpina|efloras.flora_of_north_america,alchemilla alpina,efloras.flora_of_north_america,perennial organ,1,0,0,1,1,True,True,True,True,"[""stem""]","[""stem""]",[],[]
alchemilla alpina|efloras.flora_of_north_america,alchemilla alpina,efloras.flora_of_north_america,plant min. height [m],1,0,0,1,1,True,True,True,True,"[""0.05""]","[""0.05""]",[],[]
alchemilla alpina|efloras.flora_of_north_america,alchemilla alpina,efloras.flora_of_north_america,plant max. height [m],1,0,0,1,1,True,True,True,True,"[""0.2""]","[""0.2""]",[],[]
alchemilla alpina|efloras.flora_of_north_america,alchemilla alpina,efloras.flora_of_north_america,indumentum,2,0,2,4,2,True,True,True,False,"[""glabrous"", ""hairy"", ""pubescent"", ""sericeous""]","[""glabrous"", ""sericeous""]",[],"[""hairy"", ""pubescent""]"
alchemilla alpina|efloras.flora_of_north_america,alchemilla alpina,efloras.flora_of_north_america,spinescence,0,0,0,0,0,False,False,False,True,[],[],[],[]
alchemilla alpina|efloras.flora_of_north_america,alchemilla alpina,efloras.flora_of_north_america,succulence,0,0,0,0,0,False,False,False,True,[],[],[],[]
alchemilla alpina|efloras.flora_of_north_america,alchemilla alpina,efloras.flora_of_north_america,leaf arrangement,1,0,0,1,1,True,True,True,True,"[""compound""]","[""compound""]",[],[]
alchemilla alpina|efloras.flora_of_north_america,alchemilla alpina,efloras.flora_of_north_america,leaf architecture,2,0,0,2,2,True,True,True,True,"[""flat"", ""palmate""]","[""flat"", ""palmate""]",[],[]
alchemilla alpina|efloras.flora_of_north_america,alchemilla alpina,efloras.flora_of_north_america,leaf position,0,0,0,0,0,False,False,False,True,[],[],[],[]
alchemilla alpina|efloras.flora_of_north_america,alchemilla alpina,efloras.flora_of_north_america,leaf shape,3,2,0,3,5,True,True,True,False,"[""elliptic"", ""orbicular"", ""spatulate""]","[""elliptic"", ""oblanceolate"", ""orbicular"", ""orbiculate"", ""spatulate""]","[""oblanceolate"", ""orbiculate""]",[]
alchemilla alpina|efloras.flora_of_north_america,alchemilla alpina,efloras.flora_of_north_america,leaf apex,1,0,0,1,1,True,True,True,True,"[""acute""]","[""acute""]",[],[]
alchemilla alpina|efloras.flora_of_north_america,alchemilla alpina,efloras.flora_of_north_america,leaf base,2,0,0,2,2,True,True,True,True,"[""attenuate"", ""cordate""]","[""attenuate"", ""cordate""]",[],[]
alchemilla alpina|efloras.flora_of_north_america,alchemilla alpina,efloras.flora_of_north_america,leaf margin,0,0,0,0,0,False,False,False,True,[],[],[],[]
alchemilla alpina|efloras.flora_of_north_america,alchemilla alpina,efloras.flora_of_north_america,leaf min. width [cm],0,0,0,0,0,False,False,False,True,[],[],[],[]
alchemilla alpina|efloras.flora_of_north_america,alchemilla alpina,efloras.flora_of_north_america,leaf max. width [cm],0,0,0,0,0,False,False,False,True,[],[],[],[]
alchemilla alpina|efloras.flora_of_north_america,alchemilla alpina,efloras.flora_of_north_america,leaf min. length [cm],0,0,0,0,0,False,False,False,True,[],[],[],[]
alchemilla alpina|efloras.flora_of_north_america,alchemilla alpina,efloras.flora_of_north_america,leaf max. length [cm],0,0,0,0,0,False,False,False,True,[],[],[],[]
alchemilla alpina|efloras.flora_of_north_america,alchemilla alpina,efloras.flora_of_north_america,bract colour,0,0,0,0,0,False,False,False,True,[],[],[],[]
alchemilla alpina|efloras.flora_of_north_america,alchemilla alpina,efloras.flora_of_north_america,bracteole colour,0,0,0,0,0,False,False,False,True,[],[],[],[]
alchemilla alpina|efloras.flora_of_north_america,alchemilla alpina,efloras.flora_of_north_america,inflorescence arrangement,0,0,0,0,0,False,False,False,True,[],[],[],[]
alchemilla alpina|efloras.flora_of_north_america,alchemilla alpina,efloras.flora_of_north_america,inflorescence orientation,0,0,0,0,0,False,False,False,True,[],[],[],[]
alchemilla alpina|efloras.flora_of_north_america,alchemilla alpina,efloras.flora_of_north_america,flower sex,0,0,0,0,0,False,False,False,True,[],[],[],[]
alchemilla alpina|efloras.flora_of_north_america,alchemilla alpina,efloras.flora_of_north_america,flower architecture,0,0,0,0,0,False,False,False,True,[],[],[],[]
alchemilla alpina|efloras.flora_of_north_america,alchemilla alpina,efloras.flora_of_north_america,flower merosity,0,0,0,0,0,False,False,False,True,[],[],[],[]
alchemilla alpina|efloras.flora_of_north_america,alchemilla alpina,efloras.flora_of_north_america,flower symmetry,0,0,0,0,0,False,False,False,True,[],[],[],[]
alchemilla alpina|efloras.flora_of_north_america,alchemilla alpina,efloras.flora_of_north_america,flower shape,0,0,0,0,0,False,False,False,True,[],[],[],[]
alchemilla alpina|efloras.flora_of_north_america,alchemilla alpina,efloras.flora_of_north_america,flower colour,0,0,0,0,0,False,False,False,True,[],[],[],[]
alchemilla alpina|efloras.flora_of_north_america,alchemilla alpina,efloras.flora_of_north_america,flower orientation,0,0,0,0,0,False,False,False,True,[],[],[],[]
alchemilla alpina|efloras.flora_of_north_america,alchemilla alpina,efloras.flora_of_north_america,petal fusion,0,0,0,0,0,False,False,False,True,[],[],[],[]
alchemilla alpina|efloras.flora_of_north_america,alchemilla alpina,efloras.flora_of_north_america,petal colour,0,0,0,0,0,False,False,False,True,[],[],[],[]
alchemilla alpina|efloras.flora_of_north_america,alchemilla alpina,efloras.flora_of_north_america,petal min. width [cm],0,0,0,0,0,False,False,False,True,[],[],[],[]
alchemilla alpina|efloras.flora_of_north_america,alchemilla alpina,efloras.flora_of_north_america,petal max. width [cm],0,0,0,0,0,False,False,False,True,[],[],[],[]
alchemilla alpina|efloras.flora_of_north_america,alchemilla alpina,efloras.flora_of_north_america,calyx colour,0,0,0,0,0,False,False,False,True,[],[],[],[]
alchemilla alpina|efloras.flora_of_north_america,alchemilla alpina,efloras.flora_of_north_america,calyx min. length [cm],0,0,0,0,0,False,False,False,True,[],[],[],[]
alchemilla alpina|efloras.flora_of_north_america,alchemilla alpina,efloras.flora_of_north_america,calyx max. length [cm],0,0,0,0,0,False,False,False,True,[],[],[],[]
alchemilla alpina|efloras.flora_of_north_america,alchemilla alpina,efloras.flora_of_north_america,corolla colour,0,0,0,0,0,False,False,False,True,[],[],[],[]
alchemilla alpina|efloras.flora_of_north_america,alchemilla alpina,efloras.flora_of_north_america,corolla tube min. length [cm],0,0,0,0,0,False,False,False,True,[],[],[],[]
alchemilla alpina|efloras.flora_of_north_america,alchemilla alpina,efloras.flora_of_north_america,corolla tube max. length [cm],0,0,0,0,0,False,False,False,True,[],[],[],[]
alchemilla alpina|efloras.flora_of_north_america,alchemilla alpina,efloras.flora_of_north_america,corolla tube lipped,0,0,0,0,0,False,False,False,True,[],[],[],[]
alchemilla alpina|efloras.flora_of_north_america,alchemilla alpina,efloras.flora_of_north_america,labellum colour,0,0,0,0,0,False,False,False,True,[],[],[],[]
alchemilla alpina|efloras.flora_of_north_america,alchemilla alpina,efloras.flora_of_north_america,labellum min. width [cm],0,0,0,0,0,False,False,False,True,[],[],[],[]
alchemilla alpina|efloras.flora_of_north_america,alchemilla alpina,efloras.flora_of_north_america,labellum max. width [cm],0,0,0,0,0,False,False,False,True,[],[],[],[]
alchemilla alpina|efloras.flora_of_north_america,alchemilla alpina,efloras.flora_of_north_america,spur min. length [cm],0,0,0,0,0,False,False,False,True,[],[],[],[]
alchemilla alpina|efloras.flora_of_north_america,alchemilla alpina,efloras.flora_of_north_america,spur max. length [cm],0,0,0,0,0,False,False,False,True,[],[],[],[]
alchemilla alpina|efloras.flora_of_north_america,alchemilla alpina,efloras.flora_of_north_america,reproduction architecture,0,0,0,0,0,False,False,False,True,[],[],[],[]
alchemilla alpina|efloras.flora_of_north_america,alchemilla alpina,efloras.flora_of_north_america,reproduction system,0,0,0,0,0,False,False,False,True,[],[],[],[]
alchemilla alpina|efloras.flora_of_north_america,alchemilla alpina,efloras.flora_of_north_america,stamen number,0,0,0,0,0,False,False,False,True,[],[],[],[]
alchemilla alpina|efloras.flora_of_north_america,alchemilla alpina,efloras.flora_of_north_america,stamen arrangement,0,0,0,0,0,False,False,False,True,[],[],[],[]
alchemilla alpina|efloras.flora_of_north_america,alchemilla alpina,efloras.flora_of_north_america,stamenoid number,0,0,0,0,0,False,False,False,True,[],[],[],[]
alchemilla alpina|efloras.flora_of_north_america,alchemilla alpina,efloras.flora_of_north_america,stamen min. length [cm],0,0,0,0,0,False,False,False,True,[],[],[],[]
alchemilla alpina|efloras.flora_of_north_america,alchemilla alpina,efloras.flora_of_north_america,stamen max. length [cm],0,0,0,0,0,False,False,False,True,[],[],[],[]
alchemilla alpina|efloras.flora_of_north_america,alchemilla alpina,efloras.flora_of_north_america,staminodium,0,0,0,0,0,False,False,False,True,[],[],[],[]
alchemilla alpina|efloras.flora_of_north_america,alchemilla alpina,efloras.flora_of_north_america,pollen colour,0,0,0,0,0,False,False,False,True,[],[],[],[]
alchemilla alpina|efloras.flora_of_north_america,alchemilla alpina,efloras.flora_of_north_america,carpel/ovary number,0,0,0,0,0,False,False,False,True,[],[],[],[]
alchemilla alpina|efloras.flora_of_north_america,alchemilla alpina,efloras.flora_of_north_america,gynoecium arrangement,0,0,0,0,0,False,False,False,True,[],[],[],[]
alchemilla alpina|efloras.flora_of_north_america,alchemilla alpina,efloras.flora_of_north_america,heterostyly,0,0,0,0,0,False,False,False,True,[],[],[],[]
alchemilla alpina|efloras.flora_of_north_america,alchemilla alpina,efloras.flora_of_north_america,pollination,0,0,0,0,0,False,False,False,True,[],[],[],[]
alchemilla alpina|efloras.flora_of_north_america,alchemilla alpina,efloras.flora_of_north_america,reward,0,0,0,0,0,False,False,False,True,[],[],[],[]
alchemilla alpina|efloras.flora_of_north_america,alchemilla alpina,efloras.flora_of_north_america,fruit type,0,0,1,1,0,True,False,True,False,"[""achene""]",[],[],"[""achene""]"
alchemilla alpina|efloras.flora_of_north_america,alchemilla alpina,efloras.flora_of_north_america,fruit structure,0,0,0,0,0,False,False,False,True,[],[],[],[]
alchemilla alpina|efloras.flora_of_north_america,alchemilla alpina,efloras.flora_of_north_america,fruit dehiscence,0,0,0,0,0,False,False,False,True,[],[],[],[]
alchemilla alpina|efloras.flora_of_north_america,alchemilla alpina,efloras.flora_of_north_america,fruit shape,0,0,0,0,0,False,False,False,True,[],[],[],[]
alchemilla alpina|efloras.flora_of_north_america,alchemilla alpina,efloras.flora_of_north_america,fruit colour,0,0,0,0,0,False,False,False,True,[],[],[],[]
alchemilla alpina|efloras.flora_of_north_america,alchemilla alpina,efloras.flora_of_north_america,seed colour,0,0,0,0,0,False,False,False,True,[],[],[],[]
alchemilla alpina|efloras.flora_of_north_america,alchemilla alpina,efloras.flora_of_north_america,seeds per fruit min,0,0,0,0,0,False,False,False,True,[],[],[],[]
alchemilla alpina|efloras.flora_of_north_america,alchemilla alpina,efloras.flora_of_north_america,seeds per fruit max,0,0,0,0,0,False,False,False,True,[],[],[],[]
alchemilla alpina|efloras.flora_of_north_america,alchemilla alpina,efloras.flora_of_north_america,seeds per fruit min.,0,0,0,0,0,False,False,False,True,[],[],[],[]
alchemilla alpina|efloras.flora_of_north_america,alchemilla alpina,efloras.flora_of_north_america,seed min. width [mm],0,0,0,0,0,False,False,False,True,[],[],[],[]
alchemilla alpina|efloras.flora_of_north_america,alchemilla alpina,efloras.flora_of_north_america,seed max. width [mm],0,0,0,0,0,False,False,False,True,[],[],[],[]
alchemilla alpina|efloras.flora_of_north_america,alchemilla alpina,efloras.flora_of_north_america,seed min. length [mm],0,0,0,0,0,False,False,False,True,[],[],[],[]
alchemilla alpina|efloras.flora_of_north_america,alchemilla alpina,efloras.flora_of_north_america,seed max. length [mm],0,0,0,0,0,False,False,False,True,[],[],[],[]
alchemilla alpina|efloras.flora_of_north_america,alchemilla alpina,efloras.flora_of_north_america,seed min. diameter [mm],0,0,0,0,0,False,False,False,True,[],[],[],[]
alchemilla alpina|efloras.flora_of_north_america,alchemilla alpina,efloras.flora_of_north_america,seed max. diameter [mm],0,0,0,0,0,False,False,False,True,[],[],[],[]
alchemilla alpina|efloras.flora_of_north_america,alchemilla alpina,efloras.flora_of_north_america,dispersal mode,0,0,0,0,0,False,False,False,True,[],[],[],[]
alchemilla alpina|efloras.flora_of_north_america,alchemilla alpina,efloras.flora_of_north_america,ploidy level (2n),0,0,0,0,0,False,False,False,True,[],[],[],[]
alchemilla alpina|efloras.flora_of_north_america,alchemilla alpina,efloras.flora_of_north_america,root min. depth [cm],0,0,0,0,0,False,False,False,True,[],[],[],[]
alchemilla alpina|efloras.flora_of_north_america,alchemilla alpina,efloras.flora_of_north_america,root max. depth [cm],0,0,0,0,0,False,False,False,True,[],[],[],[]
andromeda polifolia|efloras.flora_of_north_america,andromeda polifolia,efloras.flora_of_north_america,life form,0,0,0,0,0,False,False,False,True,[],[],[],[]
andromeda polifolia|efloras.flora_of_north_america,andromeda polifolia,efloras.flora_of_north_america,habitat,1,0,0,1,1,True,True,True,True,"[""terrestrial""]","[""terrestrial""]",[],[]
andromeda polifolia|efloras.flora_of_north_america,andromeda polifolia,efloras.flora_of_north_america,habit,2,0,0,2,2,True,True,True,True,"[""geoxylices"", ""scrambler""]","[""geoxylices"", ""scrambler""]",[],[]
andromeda polifolia|efloras.flora_of_north_america,andromeda polifolia,efloras.flora_of_north_america,clonality,1,0,0,1,1,True,True,True,True,"[""stoloniferous""]","[""stoloniferous""]",[],[]
andromeda polifolia|efloras.flora_of_north_america,andromeda polifolia,efloras.flora_of_north_america,perennial organ,2,0,0,2,2,True,True,True,True,"[""rootstock"", ""stolon""]","[""rootstock"", ""stolon""]",[],[]
andromeda polifolia|efloras.flora_of_north_america,andromeda polifolia,efloras.flora_of_north_america,plant min. height [m],1,0,0,1,1,True,True,True,True,"[""0.05""]","[""0.05""]",[],[]
andromeda polifolia|efloras.flora_of_north_america,andromeda polifolia,efloras.flora_of_north_america,plant max. height [m],1,0,0,1,1,True,True,True,True,"[""0.8""]","[""0.8""]",[],[]
andromeda polifolia|efloras.flora_of_north_america,andromeda polifolia,efloras.flora_of_north_america,indumentum,1,0,0,1,1,True,True,True,True,"[""pubescent""]","[""pubescent""]",[],[]
andromeda polifolia|efloras.flora_of_north_america,andromeda polifolia,efloras.flora_of_north_america,spinescence,0,0,0,0,0,False,False,False,True,[],[],[],[]
andromeda polifolia|efloras.flora_of_north_america,andromeda polifolia,efloras.flora_of_north_america,succulence,0,0,0,0,0,False,False,False,True,[],[],[],[]
andromeda polifolia|efloras.flora_of_north_america,andromeda polifolia,efloras.flora_of_north_america,leaf arrangement,0,0,0,0,0,False,False,False,True,[],[],[],[]
andromeda polifolia|efloras.flora_of_north_america,andromeda polifolia,efloras.flora_of_north_america,leaf architecture,0,0,0,0,0,False,False,False,True,[],[],[],[]
andromeda polifolia|efloras.flora_of_north_america,andromeda polifolia,efloras.flora_of_north_america,leaf position,0,0,0,0,0,False,False,False,True,[],[],[],[]
andromeda polifolia|efloras.flora_of_north_america,andromeda polifolia,efloras.flora_of_north_america,leaf shape,0,0,0,0,0,False,False,False,True,[],[],[],[]
andromeda polifolia|efloras.flora_of_north_america,andromeda polifolia,efloras.flora_of_north_america,leaf apex,0,0,0,0,0,False,False,False,True,[],[],[],[]
andromeda polifolia|efloras.flora_of_north_america,andromeda polifolia,efloras.flora_of_north_america,leaf base,0,0,0,0,0,False,False,False,True,[],[],[],[]
andromeda polifolia|efloras.flora_of_north_america,andromeda polifolia,efloras.flora_of_north_america,leaf margin,0,0,0,0,0,False,False,False,True,[],[],[],[]
andromeda polifolia|efloras.flora_of_north_america,andromeda polifolia,efloras.flora_of_north_america,leaf min. width [cm],1,0,0,1,1,True,True,True,True,"[""0.1""]","[""0.1""]",[],[]
andromeda polifolia|efloras.flora_of_north_america,andromeda polifolia,efloras.flora_of_north_america,leaf max. width [cm],1,0,0,1,1,True,True,True,True,"[""0.8""]","[""0.8""]",[],[]
andromeda polifolia|efloras.flora_of_north_america,andromeda polifolia,efloras.flora_of_north_america,leaf min. length [cm],1,0,0,1,1,True,True,True,True,"[""1.0""]","[""1.0""]",[],[]
andromeda polifolia|efloras.flora_of_north_america,andromeda polifolia,efloras.flora_of_north_america,leaf max. length [cm],1,0,0,1,1,True,True,True,True,"[""5.0""]","[""5.0""]",[],[]
andromeda polifolia|efloras.flora_of_north_america,andromeda polifolia,efloras.flora_of_north_america,bract colour,0,0,0,0,0,False,False,False,True,[],[],[],[]
andromeda polifolia|efloras.flora_of_north_america,andromeda polifolia,efloras.flora_of_north_america,bracteole colour,0,0,0,0,0,False,False,False,True,[],[],[],[]
andromeda polifolia|efloras.flora_of_north_america,andromeda polifolia,efloras.flora_of_north_america,inflorescence arrangement,0,0,0,0,0,False,False,False,True,[],[],[],[]
andromeda polifolia|efloras.flora_of_north_america,andromeda polifolia,efloras.flora_of_north_america,inflorescence orientation,0,0,0,0,0,False,False,False,True,[],[],[],[]
andromeda polifolia|efloras.flora_of_north_america,andromeda polifolia,efloras.flora_of_north_america,flower sex,0,0,0,0,0,False,False,False,True,[],[],[],[]
andromeda polifolia|efloras.flora_of_north_america,andromeda polifolia,efloras.flora_of_north_america,flower architecture,0,0,0,0,0,False,False,False,True,[],[],[],[]
andromeda polifolia|efloras.flora_of_north_america,andromeda polifolia,efloras.flora_of_north_america,flower merosity,0,0,0,0,0,False,False,False,True,[],[],[],[]
andromeda polifolia|efloras.flora_of_north_america,andromeda polifolia,efloras.flora_of_north_america,flower symmetry,0,0,0,0,0,False,False,False,True,[],[],[],[]
andromeda polifolia|efloras.flora_of_north_america,andromeda polifolia,efloras.flora_of_north_america,flower shape,0,0,0,0,0,False,False,False,True,[],[],[],[]
andromeda polifolia|efloras.flora_of_north_america,andromeda polifolia,efloras.flora_of_north_america,flower colour,2,0,0,2,2,True,True,True,True,"[""red"", ""white""]","[""red"", ""white""]",[],[]
andromeda polifolia|efloras.flora_of_north_america,andromeda polifolia,efloras.flora_of_north_america,flower orientation,0,0,0,0,0,False,False,False,True,[],[],[],[]
andromeda polifolia|efloras.flora_of_north_america,andromeda polifolia,efloras.flora_of_north_america,petal fusion,0,0,0,0,0,False,False,False,True,[],[],[],[]
andromeda polifolia|efloras.flora_of_north_america,andromeda polifolia,efloras.flora_of_north_america,petal colour,0,0,0,0,0,False,False,False,True,[],[],[],[]
andromeda polifolia|efloras.flora_of_north_america,andromeda polifolia,efloras.flora_of_north_america,petal min. width [cm],1,0,0,1,1,True,True,True,True,"[""0.35""]","[""0.35""]",[],[]
andromeda polifolia|efloras.flora_of_north_america,andromeda polifolia,efloras.flora_of_north_america,petal max. width [cm],1,0,0,1,1,True,True,True,True,"[""0.7""]","[""0.7""]",[],[]
andromeda polifolia|efloras.flora_of_north_america,andromeda polifolia,efloras.flora_of_north_america,calyx colour,0,0,0,0,0,False,False,False,True,[],[],[],[]
andromeda polifolia|efloras.flora_of_north_america,andromeda polifolia,efloras.flora_of_north_america,calyx min. length [cm],0,0,0,0,0,False,False,False,True,[],[],[],[]
andromeda polifolia|efloras.flora_of_north_america,andromeda polifolia,efloras.flora_of_north_america,calyx max. length [cm],0,0,0,0,0,False,False,False,True,[],[],[],[]
andromeda polifolia|efloras.flora_of_north_america,andromeda polifolia,efloras.flora_of_north_america,corolla colour,0,0,0,0,0,False,False,False,True,[],[],[],[]
andromeda polifolia|efloras.flora_of_north_america,andromeda polifolia,efloras.flora_of_north_america,corolla tube min. length [cm],0,0,0,0,0,False,False,False,True,[],[],[],[]
andromeda polifolia|efloras.flora_of_north_america,andromeda polifolia,efloras.flora_of_north_america,corolla tube max. length [cm],0,0,0,0,0,False,False,False,True,[],[],[],[]
andromeda polifolia|efloras.flora_of_north_america,andromeda polifolia,efloras.flora_of_north_america,corolla tube lipped,0,0,0,0,0,False,False,False,True,[],[],[],[]
andromeda polifolia|efloras.flora_of_north_america,andromeda polifolia,efloras.flora_of_north_america,labellum colour,0,0,0,0,0,False,False,False,True,[],[],[],[]
andromeda polifolia|efloras.flora_of_north_america,andromeda polifolia,efloras.flora_of_north_america,labellum min. width [cm],0,0,0,0,0,False,False,False,True,[],[],[],[]
andromeda polifolia|efloras.flora_of_north_america,andromeda polifolia,efloras.flora_of_north_america,labellum max. width [cm],0,0,0,0,0,False,False,False,True,[],[],[],[]
andromeda polifolia|efloras.flora_of_north_america,andromeda polifolia,efloras.flora_of_north_america,spur min. length [cm],0,0,0,0,0,False,False,False,True,[],[],[],[]
andromeda polifolia|efloras.flora_of_north_america,andromeda polifolia,efloras.flora_of_north_america,spur max. length [cm],0,0,0,0,0,False,False,False,True,[],[],[],[]
andromeda polifolia|efloras.flora_of_north_america,andromeda polifolia,efloras.flora_of_north_america,reproduction architecture,0,0,0,0,0,False,False,False,True,[],[],[],[]
andromeda polifolia|efloras.flora_of_north_america,andromeda polifolia,efloras.flora_of_north_america,reproduction system,0,0,0,0,0,False,False,False,True,[],[],[],[]
andromeda polifolia|efloras.flora_of_north_america,andromeda polifolia,efloras.flora_of_north_america,stamen number,0,0,0,0,0,False,False,False,True,[],[],[],[]
andromeda polifolia|efloras.flora_of_north_america,andromeda polifolia,efloras.flora_of_north_america,stamen arrangement,0,0,0,0,0,False,False,False,True,[],[],[],[]
andromeda polifolia|efloras.flora_of_north_america,andromeda polifolia,efloras.flora_of_north_america,stamenoid number,0,0,0,0,0,False,False,False,True,[],[],[],[]
andromeda polifolia|efloras.flora_of_north_america,andromeda polifolia,efloras.flora_of_north_america,stamen min. length [cm],0,0,0,0,0,False,False,False,True,[],[],[],[]
andromeda polifolia|efloras.flora_of_north_america,andromeda polifolia,efloras.flora_of_north_america,stamen max. length [cm],0,0,0,0,0,False,False,False,True,[],[],[],[]
andromeda polifolia|efloras.flora_of_north_america,andromeda polifolia,efloras.flora_of_north_america,staminodium,0,0,0,0,0,False,False,False,True,[],[],[],[]
andromeda polifolia|efloras.flora_of_north_america,andromeda polifolia,efloras.flora_of_north_america,pollen colour,0,0,0,0,0,False,False,False,True,[],[],[],[]
andromeda polifolia|efloras.flora_of_north_america,andromeda polifolia,efloras.flora_of_north_america,carpel/ovary number,0,0,0,0,0,False,False,False,True,[],[],[],[]
andromeda polifolia|efloras.flora_of_north_america,andromeda polifolia,efloras.flora_of_north_america,gynoecium arrangement,0,0,0,0,0,False,False,False,True,[],[],[],[]
andromeda polifolia|efloras.flora_of_north_america,andromeda polifolia,efloras.flora_of_north_america,heterostyly,0,0,0,0,0,False,False,False,True,[],[],[],[]
andromeda polifolia|efloras.flora_of_north_america,andromeda polifolia,efloras.flora_of_north_america,pollination,0,0,0,0,0,False,False,False,True,[],[],[],[]
andromeda polifolia|efloras.flora_of_north_america,andromeda polifolia,efloras.flora_of_north_america,reward,1,0,0,1,1,True,True,True,True,"[""nectar""]","[""nectar""]",[],[]
andromeda polifolia|efloras.flora_of_north_america,andromeda polifolia,efloras.flora_of_north_america,fruit type,1,0,0,1,1,True,True,True,True,"[""capsule""]","[""capsule""]",[],[]
andromeda polifolia|efloras.flora_of_north_america,andromeda polifolia,efloras.flora_of_north_america,fruit structure,0,1,0,0,1,False,True,True,False,[],"[""dry""]","[""dry""]",[]
andromeda polifolia|efloras.flora_of_north_america,andromeda polifolia,efloras.flora_of_north_america,fruit dehiscence,0,1,0,0,1,False,True,True,False,[],"[""dehiscent""]","[""dehiscent""]",[]
andromeda polifolia|efloras.flora_of_north_america,andromeda polifolia,efloras.flora_of_north_america,fruit shape,0,0,0,0,0,False,False,False,True,[],[],[],[]
andromeda polifolia|efloras.flora_of_north_america,andromeda polifolia,efloras.flora_of_north_america,fruit colour,0,0,0,0,0,False,False,False,True,[],[],[],[]
andromeda polifolia|efloras.flora_of_north_america,andromeda polifolia,efloras.flora_of_north_america,seed colour,1,0,0,1,1,True,True,True,True,"[""brown""]","[""brown""]",[],[]
andromeda polifolia|efloras.flora_of_north_america,andromeda polifolia,efloras.flora_of_north_america,seeds per fruit min,0,0,0,0,0,False,False,False,True,[],[],[],[]
andromeda polifolia|efloras.flora_of_north_america,andromeda polifolia,efloras.flora_of_north_america,seeds per fruit max,0,0,0,0,0,False,False,False,True,[],[],[],[]
andromeda polifolia|efloras.flora_of_north_america,andromeda polifolia,efloras.flora_of_north_america,seeds per fruit min.,0,0,0,0,0,False,False,False,True,[],[],[],[]
andromeda polifolia|efloras.flora_of_north_america,andromeda polifolia,efloras.flora_of_north_america,seed min. width [mm],0,0,0,0,0,False,False,False,True,[],[],[],[]
andromeda polifolia|efloras.flora_of_north_america,andromeda polifolia,efloras.flora_of_north_america,seed max. width [mm],0,0,0,0,0,False,False,False,True,[],[],[],[]
andromeda polifolia|efloras.flora_of_north_america,andromeda polifolia,efloras.flora_of_north_america,seed min. length [mm],1,0,0,1,1,True,True,True,True,"[""1.0""]","[""1.0""]",[],[]
andromeda polifolia|efloras.flora_of_north_america,andromeda polifolia,efloras.flora_of_north_america,seed max. length [mm],1,0,0,1,1,True,True,True,True,"[""1.0""]","[""1.0""]",[],[]
andromeda polifolia|efloras.flora_of_north_america,andromeda polifolia,efloras.flora_of_north_america,seed min. diameter [mm],0,0,0,0,0,False,False,False,True,[],[],[],[]
andromeda polifolia|efloras.flora_of_north_america,andromeda polifolia,efloras.flora_of_north_america,seed max. diameter [mm],0,0,0,0,0,False,False,False,True,[],[],[],[]
andromeda polifolia|efloras.flora_of_north_america,andromeda polifolia,efloras.flora_of_north_america,dispersal mode,0,0,0,0,0,False,False,False,True,[],[],[],[]
andromeda polifolia|efloras.flora_of_north_america,andromeda polifolia,efloras.flora_of_north_america,ploidy level (2n),1,0,0,1,1,True,True,True,True,"[""48""]","[""48""]",[],[]
andromeda polifolia|efloras.flora_of_north_america,andromeda polifolia,efloras.flora_of_north_america,root min. depth [cm],0,0,0,0,0,False,False,False,True,[],[],[],[]
andromeda polifolia|efloras.flora_of_north_america,andromeda polifolia,efloras.flora_of_north_america,root max. depth [cm],0,0,0,0,0,False,False,False,True,[],[],[],[]
betula nana|efloras.flora_of_north_america,betula nana,efloras.flora_of_north_america,life form,0,0,0,0,0,False,False,False,True,[],[],[],[]
betula nana|efloras.flora_of_north_america,betula nana,efloras.flora_of_north_america,habitat,1,0,0,1,1,True,True,True,True,"[""terrestrial""]","[""terrestrial""]",[],[]
betula nana|efloras.flora_of_north_america,betula nana,efloras.flora_of_north_america,habit,4,0,0,4,4,True,True,True,True,"[""climber/scrambler"", ""scrambler"", ""shrub"", ""tree/shrub""]","[""climber/scrambler"", ""scrambler"", ""shrub"", ""tree/shrub""]",[],[]
betula nana|efloras.flora_of_north_america,betula nana,efloras.flora_of_north_america,clonality,2,0,0,2,2,True,True,True,True,"[""solitary plant"", ""stoloniferous""]","[""solitary plant"", ""stoloniferous""]",[],[]
betula nana|efloras.flora_of_north_america,betula nana,efloras.flora_of_north_america,perennial organ,2,0,0,2,2,True,True,True,True,"[""stolon"", ""trunk""]","[""stolon"", ""trunk""]",[],[]
betula nana|efloras.flora_of_north_america,betula nana,efloras.flora_of_north_america,plant min. height [m],0,0,0,0,0,False,False,False,True,[],[],[],[]
betula nana|efloras.flora_of_north_america,betula nana,efloras.flora_of_north_america,plant max. height [m],0,0,1,1,0,True,False,True,False,"[""1.0""]",[],[],"[""1.0""]"
betula nana|efloras.flora_of_north_america,betula nana,efloras.flora_of_north_america,indumentum,0,0,2,2,0,True,False,True,False,"[""glabrous"", ""pubescent""]",[],[],"[""glabrous"", ""pubescent""]"
betula nana|efloras.flora_of_north_america,betula nana,efloras.flora_of_north_america,spinescence,0,0,0,0,0,False,False,False,True,[],[],[],[]
betula nana|efloras.flora_of_north_america,betula nana,efloras.flora_of_north_america,succulence,0,0,0,0,0,False,False,False,True,[],[],[],[]
betula nana|efloras.flora_of_north_america,betula nana,efloras.flora_of_north_america,leaf arrangement,0,0,0,0,0,False,False,False,True,[],[],[],[]
betula nana|efloras.flora_of_north_america,betula nana,efloras.flora_of_north_america,leaf architecture,0,0,0,0,0,False,False,False,True,[],[],[],[]
betula nana|efloras.flora_of_north_america,betula nana,efloras.flora_of_north_america,leaf position,0,0,0,0,0,False,False,False,True,[],[],[],[]
betula nana|efloras.flora_of_north_america,betula nana,efloras.flora_of_north_america,leaf shape,4,2,0,4,6,True,True,True,False,"[""obovate"", ""orbicular"", ""orbiculate"", ""reniform""]","[""cordate"", ""obovate"", ""orbicular"", ""orbiculate"", ""reniform"", ""rounded""]","[""cordate"", ""rounded""]",[]
betula nana|efloras.flora_of_north_america,betula nana,efloras.flora_of_north_america,leaf apex,2,0,0,2,2,True,True,True,True,"[""acute"", ""rounded""]","[""acute"", ""rounded""]",[],[]
betula nana|efloras.flora_of_north_america,betula nana,efloras.flora_of_north_america,leaf base,2,0,0,2,2,True,True,True,True,"[""cordate"", ""rounded""]","[""cordate"", ""rounded""]",[],[]
betula nana|efloras.flora_of_north_america,betula nana,efloras.flora_of_north_america,leaf margin,1,0,0,1,1,True,True,True,True,"[""crenate""]","[""crenate""]",[],[]
betula nana|efloras.flora_of_north_america,betula nana,efloras.flora_of_north_america,leaf min. width [cm],0,0,0,0,0,False,False,False,True,[],[],[],[]
betula nana|efloras.flora_of_north_america,betula nana,efloras.flora_of_north_america,leaf max. width [cm],0,0,0,0,0,False,False,False,True,[],[],[],[]
betula nana|efloras.flora_of_north_america,betula nana,efloras.flora_of_north_america,leaf min. length [cm],0,0,0,0,0,False,False,False,True,[],[],[],[]
betula nana|efloras.flora_of_north_america,betula nana,efloras.flora_of_north_america,leaf max. length [cm],0,0,0,0,0,False,False,False,True,[],[],[],[]
betula nana|efloras.flora_of_north_america,betula nana,efloras.flora_of_north_america,bract colour,0,0,0,0,0,False,False,False,True,[],[],[],[]
betula nana|efloras.flora_of_north_america,betula nana,efloras.flora_of_north_america,bracteole colour,0,0,0,0,0,False,False,False,True,[],[],[],[]
betula nana|efloras.flora_of_north_america,betula nana,efloras.flora_of_north_america,inflorescence arrangement,0,0,0,0,0,False,False,False,True,[],[],[],[]
betula nana|efloras.flora_of_north_america,betula nana,efloras.flora_of_north_america,inflorescence orientation,0,0,0,0,0,False,False,False,True,[],[],[],[]
betula nana|efloras.flora_of_north_america,betula nana,efloras.flora_of_north_america,flower sex,0,0,1,1,0,True,False,True,False,"[""staminate""]",[],[],"[""staminate""]"
betula nana|efloras.flora_of_north_america,betula nana,efloras.flora_of_north_america,flower architecture,0,0,0,0,0,False,False,False,True,[],[],[],[]
betula nana|efloras.flora_of_north_america,betula nana,efloras.flora_of_north_america,flower merosity,0,0,0,0,0,False,False,False,True,[],[],[],[]
betula nana|efloras.flora_of_north_america,betula nana,efloras.flora_of_north_america,flower symmetry,0,0,0,0,0,False,False,False,True,[],[],[],[]
betula nana|efloras.flora_of_north_america,betula nana,efloras.flora_of_north_america,flower shape,0,0,0,0,0,False,False,False,True,[],[],[],[]
betula nana|efloras.flora_of_north_america,betula nana,efloras.flora_of_north_america,flower colour,0,0,0,0,0,False,False,False,True,[],[],[],[]
betula nana|efloras.flora_of_north_america,betula nana,efloras.flora_of_north_america,flower orientation,0,0,0,0,0,False,False,False,True,[],[],[],[]
betula nana|efloras.flora_of_north_america,betula nana,efloras.flora_of_north_america,petal fusion,0,0,0,0,0,False,False,False,True,[],[],[],[]
betula nana|efloras.flora_of_north_america,betula nana,efloras.flora_of_north_america,petal colour,0,0,0,0,0,False,False,False,True,[],[],[],[]
betula nana|efloras.flora_of_north_america,betula nana,efloras.flora_of_north_america,petal min. width [cm],0,0,0,0,0,False,False,False,True,[],[],[],[]
betula nana|efloras.flora_of_north_america,betula nana,efloras.flora_of_north_america,petal max. width [cm],0,0,0,0,0,False,False,False,True,[],[],[],[]
betula nana|efloras.flora_of_north_america,betula nana,efloras.flora_of_north_america,calyx colour,0,0,0,0,0,False,False,False,True,[],[],[],[]
betula nana|efloras.flora_of_north_america,betula nana,efloras.flora_of_north_america,calyx min. length [cm],0,0,0,0,0,False,False,False,True,[],[],[],[]
betula nana|efloras.flora_of_north_america,betula nana,efloras.flora_of_north_america,calyx max. length [cm],0,0,0,0,0,False,False,False,True,[],[],[],[]
betula nana|efloras.flora_of_north_america,betula nana,efloras.flora_of_north_america,corolla colour,0,0,0,0,0,False,False,False,True,[],[],[],[]
betula nana|efloras.flora_of_north_america,betula nana,efloras.flora_of_north_america,corolla tube min. length [cm],0,0,0,0,0,False,False,False,True,[],[],[],[]
betula nana|efloras.flora_of_north_america,betula nana,efloras.flora_of_north_america,corolla tube max. length [cm],0,0,0,0,0,False,False,False,True,[],[],[],[]
betula nana|efloras.flora_of_north_america,betula nana,efloras.flora_of_north_america,corolla tube lipped,0,0,0,0,0,False,False,False,True,[],[],[],[]
betula nana|efloras.flora_of_north_america,betula nana,efloras.flora_of_north_america,labellum colour,0,0,0,0,0,False,False,False,True,[],[],[],[]
betula nana|efloras.flora_of_north_america,betula nana,efloras.flora_of_north_america,labellum min. width [cm],0,0,0,0,0,False,False,False,True,[],[],[],[]
betula nana|efloras.flora_of_north_america,betula nana,efloras.flora_of_north_america,labellum max. width [cm],0,0,0,0,0,False,False,False,True,[],[],[],[]
betula nana|efloras.flora_of_north_america,betula nana,efloras.flora_of_north_america,spur min. length [cm],0,0,0,0,0,False,False,False,True,[],[],[],[]
betula nana|efloras.flora_of_north_america,betula nana,efloras.flora_of_north_america,spur max. length [cm],0,0,0,0,0,False,False,False,True,[],[],[],[]
betula nana|efloras.flora_of_north_america,betula nana,efloras.flora_of_north_america,reproduction architecture,0,0,0,0,0,False,False,False,True,[],[],[],[]
betula nana|efloras.flora_of_north_america,betula nana,efloras.flora_of_north_america,reproduction system,0,0,0,0,0,False,False,False,True,[],[],[],[]
betula nana|efloras.flora_of_north_america,betula nana,efloras.flora_of_north_america,stamen number,0,0,0,0,0,False,False,False,True,[],[],[],[]
betula nana|efloras.flora_of_north_america,betula nana,efloras.flora_of_north_america,stamen arrangement,0,0,0,0,0,False,False,False,True,[],[],[],[]
betula nana|efloras.flora_of_north_america,betula nana,efloras.flora_of_north_america,stamenoid number,0,0,0,0,0,False,False,False,True,[],[],[],[]
betula nana|efloras.flora_of_north_america,betula nana,efloras.flora_of_north_america,stamen min. length [cm],0,0,0,0,0,False,False,False,True,[],[],[],[]
betula nana|efloras.flora_of_north_america,betula nana,efloras.flora_of_north_america,stamen max. length [cm],0,0,0,0,0,False,False,False,True,[],[],[],[]
betula nana|efloras.flora_of_north_america,betula nana,efloras.flora_of_north_america,staminodium,0,0,0,0,0,False,False,False,True,[],[],[],[]
betula nana|efloras.flora_of_north_america,betula nana,efloras.flora_of_north_america,pollen colour,0,0,0,0,0,False,False,False,True,[],[],[],[]
betula nana|efloras.flora_of_north_america,betula nana,efloras.flora_of_north_america,carpel/ovary number,0,0,0,0,0,False,False,False,True,[],[],[],[]
betula nana|efloras.flora_of_north_america,betula nana,efloras.flora_of_north_america,gynoecium arrangement,0,0,0,0,0,False,False,False,True,[],[],[],[]
betula nana|efloras.flora_of_north_america,betula nana,efloras.flora_of_north_america,heterostyly,0,0,0,0,0,False,False,False,True,[],[],[],[]
betula nana|efloras.flora_of_north_america,betula nana,efloras.flora_of_north_america,pollination,0,0,0,0,0,False,False,False,True,[],[],[],[]
betula nana|efloras.flora_of_north_america,betula nana,efloras.flora_of_north_america,reward,0,0,0,0,0,False,False,False,True,[],[],[],[]
betula nana|efloras.flora_of_north_america,betula nana,efloras.flora_of_north_america,fruit type,0,0,1,1,0,True,False,True,False,"[""samara""]",[],[],"[""samara""]"
betula nana|efloras.flora_of_north_america,betula nana,efloras.flora_of_north_america,fruit structure,0,0,0,0,0,False,False,False,True,[],[],[],[]
betula nana|efloras.flora_of_north_america,betula nana,efloras.flora_of_north_america,fruit dehiscence,0,0,0,0,0,False,False,False,True,[],[],[],[]
betula nana|efloras.flora_of_north_america,betula nana,efloras.flora_of_north_america,fruit shape,0,0,0,0,0,False,False,False,True,[],[],[],[]
betula nana|efloras.flora_of_north_america,betula nana,efloras.flora_of_north_america,fruit colour,0,0,0,0,0,False,False,False,True,[],[],[],[]
betula nana|efloras.flora_of_north_america,betula nana,efloras.flora_of_north_america,seed colour,0,0,0,0,0,False,False,False,True,[],[],[],[]
betula nana|efloras.flora_of_north_america,betula nana,efloras.flora_of_north_america,seeds per fruit min,0,0,0,0,0,False,False,False,True,[],[],[],[]
betula nana|efloras.flora_of_north_america,betula nana,efloras.flora_of_north_america,seeds per fruit max,0,0,0,0,0,False,False,False,True,[],[],[],[]
betula nana|efloras.flora_of_north_america,betula nana,efloras.flora_of_north_america,seeds per fruit min.,0,0,0,0,0,False,False,False,True,[],[],[],[]
betula nana|efloras.flora_of_north_america,betula nana,efloras.flora_of_north_america,seed min. width [mm],0,0,0,0,0,False,False,False,True,[],[],[],[]
betula nana|efloras.flora_of_north_america,betula nana,efloras.flora_of_north_america,seed max. width [mm],0,0,0,0,0,False,False,False,True,[],[],[],[]
betula nana|efloras.flora_of_north_america,betula nana,efloras.flora_of_north_america,seed min. length [mm],0,0,0,0,0,False,False,False,True,[],[],[],[]
betula nana|efloras.flora_of_north_america,betula nana,efloras.flora_of_north_america,seed max. length [mm],0,0,0,0,0,False,False,False,True,[],[],[],[]
betula nana|efloras.flora_of_north_america,betula nana,efloras.flora_of_north_america,seed min. diameter [mm],0,0,0,0,0,False,False,False,True,[],[],[],[]
betula nana|efloras.flora_of_north_america,betula nana,efloras.flora_of_north_america,seed max. diameter [mm],0,0,0,0,0,False,False,False,True,[],[],[],[]
betula nana|efloras.flora_of_north_america,betula nana,efloras.flora_of_north_america,dispersal mode,0,0,0,0,0,False,False,False,True,[],[],[],[]
betula nana|efloras.flora_of_north_america,betula nana,efloras.flora_of_north_america,ploidy level (2n),0,0,0,0,0,False,False,False,True,[],[],[],[]
betula nana|efloras.flora_of_north_america,betula nana,efloras.flora_of_north_america,root min. depth [cm],0,0,0,0,0,False,False,False,True,[],[],[],[]
betula nana|efloras.flora_of_north_america,betula nana,efloras.flora_of_north_america,root max. depth [cm],0,0,0,0,0,False,False,False,True,[],[],[],[]
carex capillaris|efloras.flora_of_north_america,carex capillaris,efloras.flora_of_north_america,life form,0,0,0,0,0,False,False,False,True,[],[],[],[]
carex capillaris|efloras.flora_of_north_america,carex capillaris,efloras.flora_of_north_america,habitat,1,0,0,1,1,True,True,True,True,"[""terrestrial""]","[""terrestrial""]",[],[]
carex capillaris|efloras.flora_of_north_america,carex capillaris,efloras.flora_of_north_america,habit,1,0,0,1,1,True,True,True,True,"[""erect leafy/tussock""]","[""erect leafy/tussock""]",[],[]
carex capillaris|efloras.flora_of_north_america,carex capillaris,efloras.flora_of_north_america,clonality,0,0,1,1,0,True,False,True,False,"[""rhizomatous""]",[],[],"[""rhizomatous""]"
carex capillaris|efloras.flora_of_north_america,carex capillaris,efloras.flora_of_north_america,perennial organ,1,0,0,1,1,True,True,True,True,"[""rhizome""]","[""rhizome""]",[],[]
carex capillaris|efloras.flora_of_north_america,carex capillaris,efloras.flora_of_north_america,plant min. height [m],1,0,0,1,1,True,True,True,True,"[""0.6""]","[""0.6""]",[],[]
carex capillaris|efloras.flora_of_north_america,carex capillaris,efloras.flora_of_north_america,plant max. height [m],1,0,0,1,1,True,True,True,True,"[""0.6""]","[""0.6""]",[],[]
carex capillaris|efloras.flora_of_north_america,carex capillaris,efloras.flora_of_north_america,indumentum,0,0,0,0,0,False,False,False,True,[],[],[],[]
carex capillaris|efloras.flora_of_north_america,carex capillaris,efloras.flora_of_north_america,spinescence,0,0,0,0,0,False,False,False,True,[],[],[],[]
carex capillaris|efloras.flora_of_north_america,carex capillaris,efloras.flora_of_north_america,succulence,0,0,0,0,0,False,False,False,True,[],[],[],[]
carex capillaris|efloras.flora_of_north_america,carex capillaris,efloras.flora_of_north_america,leaf arrangement,0,0,0,0,0,False,False,False,True,[],[],[],[]
carex capillaris|efloras.flora_of_north_america,carex capillaris,efloras.flora_of_north_america,leaf architecture,1,0,0,1,1,True,True,True,True,"[""flat""]","[""flat""]",[],[]
carex capillaris|efloras.flora_of_north_america,carex capillaris,efloras.flora_of_north_america,leaf position,0,0,0,0,0,False,False,False,True,[],[],[],[]
carex capillaris|efloras.flora_of_north_america,carex capillaris,efloras.flora_of_north_america,leaf shape,0,0,0,0,0,False,False,False,True,[],[],[],[]
carex capillaris|efloras.flora_of_north_america,carex capillaris,efloras.flora_of_north_america,leaf apex,0,0,0,0,0,False,False,False,True,[],[],[],[]
carex capillaris|efloras.flora_of_north_america,carex capillaris,efloras.flora_of_north_america,leaf base,0,0,0,0,0,False,False,False,True,[],[],[],[]
carex capillaris|efloras.flora_of_north_america,carex capillaris,efloras.flora_of_north_america,leaf margin,0,0,0,0,0,False,False,False,True,[],[],[],[]
carex capillaris|efloras.flora_of_north_america,carex capillaris,efloras.flora_of_north_america,leaf min. width [cm],1,0,0,1,1,True,True,True,True,"[""0.075""]","[""0.075""]",[],[]
carex capillaris|efloras.flora_of_north_america,carex capillaris,efloras.flora_of_north_america,leaf max. width [cm],1,0,0,1,1,True,True,True,True,"[""0.4""]","[""0.4""]",[],[]
carex capillaris|efloras.flora_of_north_america,carex capillaris,efloras.flora_of_north_america,leaf min. length [cm],1,0,0,1,1,True,True,True,True,"[""2.0""]","[""2.0""]",[],[]
carex capillaris|efloras.flora_of_north_america,carex capillaris,efloras.flora_of_north_america,leaf max. length [cm],1,0,0,1,1,True,True,True,True,"[""9.0""]","[""9.0""]",[],[]
carex capillaris|efloras.flora_of_north_america,carex capillaris,efloras.flora_of_north_america,bract colour,0,0,0,0,0,False,False,False,True,[],[],[],[]
carex capillaris|efloras.flora_of_north_america,carex capillaris,efloras.flora_of_north_america,bracteole colour,0,0,0,0,0,False,False,False,True,[],[],[],[]
carex capillaris|efloras.flora_of_north_america,carex capillaris,efloras.flora_of_north_america,inflorescence arrangement,0,0,1,1,0,True,False,True,False,"[""spike""]",[],[],"[""spike""]"
carex capillaris|efloras.flora_of_north_america,carex capillaris,efloras.flora_of_north_america,inflorescence orientation,0,0,0,0,0,False,False,False,True,[],[],[],[]
carex capillaris|efloras.flora_of_north_america,carex capillaris,efloras.flora_of_north_america,flower sex,0,0,1,1,0,True,False,True,False,"[""staminate""]",[],[],"[""staminate""]"
carex capillaris|efloras.flora_of_north_america,carex capillaris,efloras.flora_of_north_america,flower architecture,0,0,0,0,0,False,False,False,True,[],[],[],[]
carex capillaris|efloras.flora_of_north_america,carex capillaris,efloras.flora_of_north_america,flower merosity,0,0,0,0,0,False,False,False,True,[],[],[],[]
carex capillaris|efloras.flora_of_north_america,carex capillaris,efloras.flora_of_north_america,flower symmetry,0,0,0,0,0,False,False,False,True,[],[],[],[]
carex capillaris|efloras.flora_of_north_america,carex capillaris,efloras.flora_of_north_america,flower shape,0,0,0,0,0,False,False,False,True,[],[],[],[]
carex capillaris|efloras.flora_of_north_america,carex capillaris,efloras.flora_of_north_america,flower colour,0,0,0,0,0,False,False,False,True,[],[],[],[]
carex capillaris|efloras.flora_of_north_america,carex capillaris,efloras.flora_of_north_america,flower orientation,0,0,0,0,0,False,False,False,True,[],[],[],[]
carex capillaris|efloras.flora_of_north_america,carex capillaris,efloras.flora_of_north_america,petal fusion,0,0,0,0,0,False,False,False,True,[],[],[],[]
carex capillaris|efloras.flora_of_north_america,carex capillaris,efloras.flora_of_north_america,petal colour,0,0,0,0,0,False,False,False,True,[],[],[],[]
carex capillaris|efloras.flora_of_north_america,carex capillaris,efloras.flora_of_north_america,petal min. width [cm],0,0,0,0,0,False,False,False,True,[],[],[],[]
carex capillaris|efloras.flora_of_north_america,carex capillaris,efloras.flora_of_north_america,petal max. width [cm],0,0,0,0,0,False,False,False,True,[],[],[],[]
carex capillaris|efloras.flora_of_north_america,carex capillaris,efloras.flora_of_north_america,calyx colour,0,0,0,0,0,False,False,False,True,[],[],[],[]
carex capillaris|efloras.flora_of_north_america,carex capillaris,efloras.flora_of_north_america,calyx min. length [cm],0,0,0,0,0,False,False,False,True,[],[],[],[]
carex capillaris|efloras.flora_of_north_america,carex capillaris,efloras.flora_of_north_america,calyx max. length [cm],0,0,0,0,0,False,False,False,True,[],[],[],[]
carex capillaris|efloras.flora_of_north_america,carex capillaris,efloras.flora_of_north_america,corolla colour,0,0,0,0,0,False,False,False,True,[],[],[],[]
carex capillaris|efloras.flora_of_north_america,carex capillaris,efloras.flora_of_north_america,corolla tube min. length [cm],0,0,0,0,0,False,False,False,True,[],[],[],[]
carex capillaris|efloras.flora_of_north_america,carex capillaris,efloras.flora_of_north_america,corolla tube max. length [cm],0,0,0,0,0,False,False,False,True,[],[],[],[]
carex capillaris|efloras.flora_of_north_america,carex capillaris,efloras.flora_of_north_america,corolla tube lipped,0,0,0,0,0,False,False,False,True,[],[],[],[]
carex capillaris|efloras.flora_of_north_america,carex capillaris,efloras.flora_of_north_america,labellum colour,0,0,0,0,0,False,False,False,True,[],[],[],[]
carex capillaris|efloras.flora_of_north_america,carex capillaris,efloras.flora_of_north_america,labellum min. width [cm],0,0,0,0,0,False,False,False,True,[],[],[],[]
carex capillaris|efloras.flora_of_north_america,carex capillaris,efloras.flora_of_north_america,labellum max. width [cm],0,0,0,0,0,False,False,False,True,[],[],[],[]
carex capillaris|efloras.flora_of_north_america,carex capillaris,efloras.flora_of_north_america,spur min. length [cm],0,0,0,0,0,False,False,False,True,[],[],[],[]
carex capillaris|efloras.flora_of_north_america,carex capillaris,efloras.flora_of_north_america,spur max. length [cm],0,0,0,0,0,False,False,False,True,[],[],[],[]
carex capillaris|efloras.flora_of_north_america,carex capillaris,efloras.flora_of_north_america,reproduction architecture,0,0,0,0,0,False,False,False,True,[],[],[],[]
carex capillaris|efloras.flora_of_north_america,carex capillaris,efloras.flora_of_north_america,reproduction system,0,0,0,0,0,False,False,False,True,[],[],[],[]
carex capillaris|efloras.flora_of_north_america,carex capillaris,efloras.flora_of_north_america,stamen number,0,0,0,0,0,False,False,False,True,[],[],[],[]
carex capillaris|efloras.flora_of_north_america,carex capillaris,efloras.flora_of_north_america,stamen arrangement,0,0,0,0,0,False,False,False,True,[],[],[],[]
carex capillaris|efloras.flora_of_north_america,carex capillaris,efloras.flora_of_north_america,stamenoid number,0,0,0,0,0,False,False,False,True,[],[],[],[]
carex capillaris|efloras.flora_of_north_america,carex capillaris,efloras.flora_of_north_america,stamen min. length [cm],0,0,0,0,0,False,False,False,True,[],[],[],[]
carex capillaris|efloras.flora_of_north_america,carex capillaris,efloras.flora_of_north_america,stamen max. length [cm],0,0,0,0,0,False,False,False,True,[],[],[],[]
carex capillaris|efloras.flora_of_north_america,carex capillaris,efloras.flora_of_north_america,staminodium,0,0,0,0,0,False,False,False,True,[],[],[],[]
carex capillaris|efloras.flora_of_north_america,carex capillaris,efloras.flora_of_north_america,pollen colour,0,0,0,0,0,False,False,False,True,[],[],[],[]
carex capillaris|efloras.flora_of_north_america,carex capillaris,efloras.flora_of_north_america,carpel/ovary number,0,0,0,0,0,False,False,False,True,[],[],[],[]
carex capillaris|efloras.flora_of_north_america,carex capillaris,efloras.flora_of_north_america,gynoecium arrangement,0,0,0,0,0,False,False,False,True,[],[],[],[]
carex capillaris|efloras.flora_of_north_america,carex capillaris,efloras.flora_of_north_america,heterostyly,0,0,0,0,0,False,False,False,True,[],[],[],[]
carex capillaris|efloras.flora_of_north_america,carex capillaris,efloras.flora_of_north_america,pollination,0,0,0,0,0,False,False,False,True,[],[],[],[]
carex capillaris|efloras.flora_of_north_america,carex capillaris,efloras.flora_of_north_america,reward,0,0,0,0,0,False,False,False,True,[],[],[],[]
carex capillaris|efloras.flora_of_north_america,carex capillaris,efloras.flora_of_north_america,fruit type,0,0,1,1,0,True,False,True,False,"[""achene""]",[],[],"[""achene""]"
carex capillaris|efloras.flora_of_north_america,carex capillaris,efloras.flora_of_north_america,fruit structure,0,0,0,0,0,False,False,False,True,[],[],[],[]
carex capillaris|efloras.flora_of_north_america,carex capillaris,efloras.flora_of_north_america,fruit dehiscence,0,0,0,0,0,False,False,False,True,[],[],[],[]
carex capillaris|efloras.flora_of_north_america,carex capillaris,efloras.flora_of_north_america,fruit shape,0,0,1,1,0,True,False,True,False,"[""obovoid""]",[],[],"[""obovoid""]"
carex capillaris|efloras.flora_of_north_america,carex capillaris,efloras.flora_of_north_america,fruit colour,0,0,0,0,0,False,False,False,True,[],[],[],[]
carex capillaris|efloras.flora_of_north_america,carex capillaris,efloras.flora_of_north_america,seed colour,0,0,0,0,0,False,False,False,True,[],[],[],[]
carex capillaris|efloras.flora_of_north_america,carex capillaris,efloras.flora_of_north_america,seeds per fruit min,0,0,0,0,0,False,False,False,True,[],[],[],[]
carex capillaris|efloras.flora_of_north_america,carex capillaris,efloras.flora_of_north_america,seeds per fruit max,0,0,0,0,0,False,False,False,True,[],[],[],[]
carex capillaris|efloras.flora_of_north_america,carex capillaris,efloras.flora_of_north_america,seeds per fruit min.,0,0,0,0,0,False,False,False,True,[],[],[],[]
carex capillaris|efloras.flora_of_north_america,carex capillaris,efloras.flora_of_north_america,seed min. width [mm],1,0,0,1,1,True,True,True,True,"[""0.7""]","[""0.7""]",[],[]
carex capillaris|efloras.flora_of_north_america,carex capillaris,efloras.flora_of_north_america,seed max. width [mm],1,0,0,1,1,True,True,True,True,"[""1.0""]","[""1.0""]",[],[]
carex capillaris|efloras.flora_of_north_america,carex capillaris,efloras.flora_of_north_america,seed min. length [mm],0,1,0,0,1,False,True,True,False,[],"[""1.2""]","[""1.2""]",[]
carex capillaris|efloras.flora_of_north_america,carex capillaris,efloras.flora_of_north_america,seed max. length [mm],0,1,1,1,1,True,True,True,False,"[""1.2""]","[""1.7""]","[""1.7""]","[""1.2""]"
carex capillaris|efloras.flora_of_north_america,carex capillaris,efloras.flora_of_north_america,seed min. diameter [mm],0,0,1,1,0,True,False,True,False,"[""1.7""]",[],[],"[""1.7""]"
carex capillaris|efloras.flora_of_north_america,carex capillaris,efloras.flora_of_north_america,seed max. diameter [mm],0,0,0,0,0,False,False,False,True,[],[],[],[]
carex capillaris|efloras.flora_of_north_america,carex capillaris,efloras.flora_of_north_america,dispersal mode,0,0,0,0,0,False,False,False,True,[],[],[],[]
carex capillaris|efloras.flora_of_north_america,carex capillaris,efloras.flora_of_north_america,ploidy level (2n),1,0,0,1,1,True,True,True,True,"[""54.""]","[""54.""]",[],[]
carex capillaris|efloras.flora_of_north_america,carex capillaris,efloras.flora_of_north_america,root min. depth [cm],0,0,0,0,0,False,False,False,True,[],[],[],[]
carex capillaris|efloras.flora_of_north_america,carex capillaris,efloras.flora_of_north_america,root max. depth [cm],0,0,0,0,0,False,False,False,True,[],[],[],[]
cuscuta epithymum|efloras.flora_of_pakistan,cuscuta epithymum,efloras.flora_of_pakistan,life form,0,0,0,0,0,False,False,False,True,[],[],[],[]
cuscuta epithymum|efloras.flora_of_pakistan,cuscuta epithymum,efloras.flora_of_pakistan,habitat,1,0,0,1,1,True,True,True,True,"[""terrestrial""]","[""terrestrial""]",[],[]
cuscuta epithymum|efloras.flora_of_pakistan,cuscuta epithymum,efloras.flora_of_pakistan,habit,1,0,0,1,1,True,True,True,True,"[""erect leafy""]","[""erect leafy""]",[],[]
cuscuta epithymum|efloras.flora_of_pakistan,cuscuta epithymum,efloras.flora_of_pakistan,clonality,1,0,0,1,1,True,True,True,True,"[""solitary plant""]","[""solitary plant""]",[],[]
cuscuta epithymum|efloras.flora_of_pakistan,cuscuta epithymum,efloras.flora_of_pakistan,perennial organ,1,0,0,1,1,True,True,True,True,"[""stem""]","[""stem""]",[],[]
cuscuta epithymum|efloras.flora_of_pakistan,cuscuta epithymum,efloras.flora_of_pakistan,plant min. height [m],0,0,0,0,0,False,False,False,True,[],[],[],[]
cuscuta epithymum|efloras.flora_of_pakistan,cuscuta epithymum,efloras.flora_of_pakistan,plant max. height [m],0,0,0,0,0,False,False,False,True,[],[],[],[]
cuscuta epithymum|efloras.flora_of_pakistan,cuscuta epithymum,efloras.flora_of_pakistan,indumentum,0,0,1,1,0,True,False,True,False,"[""glandular""]",[],[],"[""glandular""]"
cuscuta epithymum|efloras.flora_of_pakistan,cuscuta epithymum,efloras.flora_of_pakistan,spinescence,0,0,0,0,0,False,False,False,True,[],[],[],[]
cuscuta epithymum|efloras.flora_of_pakistan,cuscuta epithymum,efloras.flora_of_pakistan,succulence,1,0,0,1,1,True,True,True,True,"[""fleshy""]","[""fleshy""]",[],[]
cuscuta epithymum|efloras.flora_of_pakistan,cuscuta epithymum,efloras.flora_of_pakistan,leaf arrangement,0,0,0,0,0,False,False,False,True,[],[],[],[]
cuscuta epithymum|efloras.flora_of_pakistan,cuscuta epithymum,efloras.flora_of_pakistan,leaf architecture,0,0,0,0,0,False,False,False,True,[],[],[],[]
cuscuta epithymum|efloras.flora_of_pakistan,cuscuta epithymum,efloras.flora_of_pakistan,leaf position,0,0,0,0,0,False,False,False,True,[],[],[],[]
cuscuta epithymum|efloras.flora_of_pakistan,cuscuta epithymum,efloras.flora_of_pakistan,leaf shape,1,0,0,1,1,True,True,True,True,"[""oblong""]","[""oblong""]",[],[]
cuscuta epithymum|efloras.flora_of_pakistan,cuscuta epithymum,efloras.flora_of_pakistan,leaf apex,2,0,0,2,2,True,True,True,True,"[""acute"", ""obtuse""]","[""acute"", ""obtuse""]",[],[]
cuscuta epithymum|efloras.flora_of_pakistan,cuscuta epithymum,efloras.flora_of_pakistan,leaf base,0,0,0,0,0,False,False,False,True,[],[],[],[]
cuscuta epithymum|efloras.flora_of_pakistan,cuscuta epithymum,efloras.flora_of_pakistan,leaf margin,0,0,0,0,0,False,False,False,True,[],[],[],[]
cuscuta epithymum|efloras.flora_of_pakistan,cuscuta epithymum,efloras.flora_of_pakistan,leaf min. width [cm],1,0,0,1,1,True,True,True,True,"[""0.04""]","[""0.04""]",[],[]
cuscuta epithymum|efloras.flora_of_pakistan,cuscuta epithymum,efloras.flora_of_pakistan,leaf max. width [cm],1,0,0,1,1,True,True,True,True,"[""0.04""]","[""0.04""]",[],[]
cuscuta epithymum|efloras.flora_of_pakistan,cuscuta epithymum,efloras.flora_of_pakistan,leaf min. length [cm],1,0,0,1,1,True,True,True,True,"[""0.1""]","[""0.1""]",[],[]
cuscuta epithymum|efloras.flora_of_pakistan,cuscuta epithymum,efloras.flora_of_pakistan,leaf max. length [cm],1,0,0,1,1,True,True,True,True,"[""0.1""]","[""0.1""]",[],[]
cuscuta epithymum|efloras.flora_of_pakistan,cuscuta epithymum,efloras.flora_of_pakistan,bract colour,0,0,0,0,0,False,False,False,True,[],[],[],[]
cuscuta epithymum|efloras.flora_of_pakistan,cuscuta epithymum,efloras.flora_of_pakistan,bracteole colour,0,0,0,0,0,False,False,False,True,[],[],[],[]
cuscuta epithymum|efloras.flora_of_pakistan,cuscuta epithymum,efloras.flora_of_pakistan,inflorescence arrangement,1,0,0,1,1,True,True,True,True,"[""clustered""]","[""clustered""]",[],[]
cuscuta epithymum|efloras.flora_of_pakistan,cuscuta epithymum,efloras.flora_of_pakistan,inflorescence orientation,0,0,0,0,0,False,False,False,True,[],[],[],[]
cuscuta epithymum|efloras.flora_of_pakistan,cuscuta epithymum,efloras.flora_of_pakistan,flower sex,0,0,0,0,0,False,False,False,True,[],[],[],[]
cuscuta epithymum|efloras.flora_of_pakistan,cuscuta epithymum,efloras.flora_of_pakistan,flower architecture,0,0,0,0,0,False,False,False,True,[],[],[],[]
cuscuta epithymum|efloras.flora_of_pakistan,cuscuta epithymum,efloras.flora_of_pakistan,flower merosity,0,0,0,0,0,False,False,False,True,[],[],[],[]
cuscuta epithymum|efloras.flora_of_pakistan,cuscuta epithymum,efloras.flora_of_pakistan,flower symmetry,0,0,0,0,0,False,False,False,True,[],[],[],[]
cuscuta epithymum|efloras.flora_of_pakistan,cuscuta epithymum,efloras.flora_of_pakistan,flower shape,0,0,0,0,0,False,False,False,True,[],[],[],[]
cuscuta epithymum|efloras.flora_of_pakistan,cuscuta epithymum,efloras.flora_of_pakistan,flower colour,0,0,0,0,0,False,False,False,True,[],[],[],[]
cuscuta epithymum|efloras.flora_of_pakistan,cuscuta epithymum,efloras.flora_of_pakistan,flower orientation,0,0,0,0,0,False,False,False,True,[],[],[],[]
cuscuta epithymum|efloras.flora_of_pakistan,cuscuta epithymum,efloras.flora_of_pakistan,petal fusion,0,0,1,1,0,True,False,True,False,"[""fusion""]",[],[],"[""fusion""]"
cuscuta epithymum|efloras.flora_of_pakistan,cuscuta epithymum,efloras.flora_of_pakistan,petal colour,0,0,0,0,0,False,False,False,True,[],[],[],[]
cuscuta epithymum|efloras.flora_of_pakistan,cuscuta epithymum,efloras.flora_of_pakistan,petal min. width [cm],1,0,0,1,1,True,True,True,True,"[""0.1""]","[""0.1""]",[],[]
cuscuta epithymum|efloras.flora_of_pakistan,cuscuta epithymum,efloras.flora_of_pakistan,petal max. width [cm],1,0,0,1,1,True,True,True,True,"[""1.2""]","[""1.2""]",[],[]
cuscuta epithymum|efloras.flora_of_pakistan,cuscuta epithymum,efloras.flora_of_pakistan,calyx colour,0,0,0,0,0,False,False,False,True,[],[],[],[]
cuscuta epithymum|efloras.flora_of_pakistan,cuscuta epithymum,efloras.flora_of_pakistan,calyx min. length [cm],0,0,0,0,0,False,False,False,True,[],[],[],[]
cuscuta epithymum|efloras.flora_of_pakistan,cuscuta epithymum,efloras.flora_of_pakistan,calyx max. length [cm],0,0,0,0,0,False,False,False,True,[],[],[],[]
cuscuta epithymum|efloras.flora_of_pakistan,cuscuta epithymum,efloras.flora_of_pakistan,corolla colour,0,0,0,0,0,False,False,False,True,[],[],[],[]
cuscuta epithymum|efloras.flora_of_pakistan,cuscuta epithymum,efloras.flora_of_pakistan,corolla tube min. length [cm],0,0,0,0,0,False,False,False,True,[],[],[],[]
cuscuta epithymum|efloras.flora_of_pakistan,cuscuta epithymum,efloras.flora_of_pakistan,corolla tube max. length [cm],0,0,0,0,0,False,False,False,True,[],[],[],[]
cuscuta epithymum|efloras.flora_of_pakistan,cuscuta epithymum,efloras.flora_of_pakistan,corolla tube lipped,0,0,0,0,0,False,False,False,True,[],[],[],[]
cuscuta epithymum|efloras.flora_of_pakistan,cuscuta epithymum,efloras.flora_of_pakistan,labellum colour,0,0,0,0,0,False,False,False,True,[],[],[],[]
cuscuta epithymum|efloras.flora_of_pakistan,cuscuta epithymum,efloras.flora_of_pakistan,labellum min. width [cm],0,0,0,0,0,False,False,False,True,[],[],[],[]
cuscuta epithymum|efloras.flora_of_pakistan,cuscuta epithymum,efloras.flora_of_pakistan,labellum max. width [cm],0,0,0,0,0,False,False,False,True,[],[],[],[]
cuscuta epithymum|efloras.flora_of_pakistan,cuscuta epithymum,efloras.flora_of_pakistan,spur min. length [cm],0,0,0,0,0,False,False,False,True,[],[],[],[]
cuscuta epithymum|efloras.flora_of_pakistan,cuscuta epithymum,efloras.flora_of_pakistan,spur max. length [cm],0,0,0,0,0,False,False,False,True,[],[],[],[]
cuscuta epithymum|efloras.flora_of_pakistan,cuscuta epithymum,efloras.flora_of_pakistan,reproduction architecture,0,0,0,0,0,False,False,False,True,[],[],[],[]
cuscuta epithymum|efloras.flora_of_pakistan,cuscuta epithymum,efloras.flora_of_pakistan,reproduction system,0,0,0,0,0,False,False,False,True,[],[],[],[]
cuscuta epithymum|efloras.flora_of_pakistan,cuscuta epithymum,efloras.flora_of_pakistan,stamen number,1,0,0,1,1,True,True,True,True,"[""4.0""]","[""4.0""]",[],[]
cuscuta epithymum|efloras.flora_of_pakistan,cuscuta epithymum,efloras.flora_of_pakistan,stamen arrangement,0,0,0,0,0,False,False,False,True,[],[],[],[]
cuscuta epithymum|efloras.flora_of_pakistan,cuscuta epithymum,efloras.flora_of_pakistan,stamenoid number,0,0,0,0,0,False,False,False,True,[],[],[],[]
cuscuta epithymum|efloras.flora_of_pakistan,cuscuta epithymum,efloras.flora_of_pakistan,stamen min. length [cm],0,0,0,0,0,False,False,False,True,[],[],[],[]
cuscuta epithymum|efloras.flora_of_pakistan,cuscuta epithymum,efloras.flora_of_pakistan,stamen max. length [cm],0,0,0,0,0,False,False,False,True,[],[],[],[]
cuscuta epithymum|efloras.flora_of_pakistan,cuscuta epithymum,efloras.flora_of_pakistan,staminodium,0,0,0,0,0,False,False,False,True,[],[],[],[]
cuscuta epithymum|efloras.flora_of_pakistan,cuscuta epithymum,efloras.flora_of_pakistan,pollen colour,0,0,0,0,0,False,False,False,True,[],[],[],[]
cuscuta epithymum|efloras.flora_of_pakistan,cuscuta epithymum,efloras.flora_of_pakistan,carpel/ovary number,0,0,0,0,0,False,False,False,True,[],[],[],[]
cuscuta epithymum|efloras.flora_of_pakistan,cuscuta epithymum,efloras.flora_of_pakistan,gynoecium arrangement,0,0,0,0,0,False,False,False,True,[],[],[],[]
cuscuta epithymum|efloras.flora_of_pakistan,cuscuta epithymum,efloras.flora_of_pakistan,heterostyly,0,0,0,0,0,False,False,False,True,[],[],[],[]
cuscuta epithymum|efloras.flora_of_pakistan,cuscuta epithymum,efloras.flora_of_pakistan,pollination,0,0,0,0,0,False,False,False,True,[],[],[],[]
cuscuta epithymum|efloras.flora_of_pakistan,cuscuta epithymum,efloras.flora_of_pakistan,reward,0,0,0,0,0,False,False,False,True,[],[],[],[]
cuscuta epithymum|efloras.flora_of_pakistan,cuscuta epithymum,efloras.flora_of_pakistan,fruit type,0,0,0,0,0,False,False,False,True,[],[],[],[]
cuscuta epithymum|efloras.flora_of_pakistan,cuscuta epithymum,efloras.flora_of_pakistan,fruit structure,0,0,0,0,0,False,False,False,True,[],[],[],[]
cuscuta epithymum|efloras.flora_of_pakistan,cuscuta epithymum,efloras.flora_of_pakistan,fruit dehiscence,0,0,0,0,0,False,False,False,True,[],[],[],[]
cuscuta epithymum|efloras.flora_of_pakistan,cuscuta epithymum,efloras.flora_of_pakistan,fruit shape,0,0,0,0,0,False,False,False,True,[],[],[],[]
cuscuta epithymum|efloras.flora_of_pakistan,cuscuta epithymum,efloras.flora_of_pakistan,fruit colour,0,0,0,0,0,False,False,False,True,[],[],[],[]
cuscuta epithymum|efloras.flora_of_pakistan,cuscuta epithymum,efloras.flora_of_pakistan,seed colour,0,0,0,0,0,False,False,False,True,[],[],[],[]
cuscuta epithymum|efloras.flora_of_pakistan,cuscuta epithymum,efloras.flora_of_pakistan,seeds per fruit min,0,0,0,0,0,False,False,False,True,[],[],[],[]
cuscuta epithymum|efloras.flora_of_pakistan,cuscuta epithymum,efloras.flora_of_pakistan,seeds per fruit max,0,0,0,0,0,False,False,False,True,[],[],[],[]
cuscuta epithymum|efloras.flora_of_pakistan,cuscuta epithymum,efloras.flora_of_pakistan,seeds per fruit min.,0,0,0,0,0,False,False,False,True,[],[],[],[]
cuscuta epithymum|efloras.flora_of_pakistan,cuscuta epithymum,efloras.flora_of_pakistan,seed min. width [mm],0,0,0,0,0,False,False,False,True,[],[],[],[]
cuscuta epithymum|efloras.flora_of_pakistan,cuscuta epithymum,efloras.flora_of_pakistan,seed max. width [mm],0,0,0,0,0,False,False,False,True,[],[],[],[]
cuscuta epithymum|efloras.flora_of_pakistan,cuscuta epithymum,efloras.flora_of_pakistan,seed min. length [mm],0,0,0,0,0,False,False,False,True,[],[],[],[]
cuscuta epithymum|efloras.flora_of_pakistan,cuscuta epithymum,efloras.flora_of_pakistan,seed max. length [mm],0,0,0,0,0,False,False,False,True,[],[],[],[]
cuscuta epithymum|efloras.flora_of_pakistan,cuscuta epithymum,efloras.flora_of_pakistan,seed min. diameter [mm],0,0,0,0,0,False,False,False,True,[],[],[],[]
cuscuta epithymum|efloras.flora_of_pakistan,cuscuta epithymum,efloras.flora_of_pakistan,seed max. diameter [mm],0,0,0,0,0,False,False,False,True,[],[],[],[]
cuscuta epithymum|efloras.flora_of_pakistan,cuscuta epithymum,efloras.flora_of_pakistan,dispersal mode,0,0,0,0,0,False,False,False,True,[],[],[],[]
cuscuta epithymum|efloras.flora_of_pakistan,cuscuta epithymum,efloras.flora_of_pakistan,ploidy level (2n),0,0,0,0,0,False,False,False,True,[],[],[],[]
cuscuta epithymum|efloras.flora_of_pakistan,cuscuta epithymum,efloras.flora_of_pakistan,root min. depth [cm],0,0,0,0,0,False,False,False,True,[],[],[],[]
cuscuta epithymum|efloras.flora_of_pakistan,cuscuta epithymum,efloras.flora_of_pakistan,root max. depth [cm],0,0,0,0,0,False,False,False,True,[],[],[],[]
eleocharis palustris|ecoflora,eleocharis palustris,ecoflora,life form,1,0,0,1,1,True,True,True,True,"[""perennial""]","[""perennial""]",[],[]
eleocharis palustris|ecoflora,eleocharis palustris,ecoflora,habitat,1,0,0,1,1,True,True,True,True,"[""terrestrial""]","[""terrestrial""]",[],[]
eleocharis palustris|ecoflora,eleocharis palustris,ecoflora,habit,4,0,0,4,4,True,True,True,True,"[""caespitose"", ""erect leafy"", ""scrambler"", ""tussock""]","[""caespitose"", ""erect leafy"", ""scrambler"", ""tussock""]",[],[]
eleocharis palustris|ecoflora,eleocharis palustris,ecoflora,clonality,3,0,0,3,3,True,True,True,True,"[""rhizomatous"", ""solitary plant"", ""stoloniferous""]","[""rhizomatous"", ""solitary plant"", ""stoloniferous""]",[],[]
eleocharis palustris|ecoflora,eleocharis palustris,ecoflora,perennial organ,3,0,0,3,3,True,True,True,True,"[""rhizome"", ""stem"", ""stolon""]","[""rhizome"", ""stem"", ""stolon""]",[],[]
eleocharis palustris|ecoflora,eleocharis palustris,ecoflora,plant min. height [m],1,0,0,1,1,True,True,True,True,"[""0.1""]","[""0.1""]",[],[]
eleocharis palustris|ecoflora,eleocharis palustris,ecoflora,plant max. height [m],1,0,0,1,1,True,True,True,True,"[""0.95""]","[""0.95""]",[],[]
eleocharis palustris|ecoflora,eleocharis palustris,ecoflora,indumentum,0,0,2,2,0,True,False,True,False,"[""glabrous"", ""pubescent""]",[],[],"[""glabrous"", ""pubescent""]"
eleocharis palustris|ecoflora,eleocharis palustris,ecoflora,spinescence,0,0,0,0,0,False,False,False,True,[],[],[],[]
eleocharis palustris|ecoflora,eleocharis palustris,ecoflora,succulence,0,0,0,0,0,False,False,False,True,[],[],[],[]
eleocharis palustris|ecoflora,eleocharis palustris,ecoflora,leaf arrangement,0,0,0,0,0,False,False,False,True,[],[],[],[]
eleocharis palustris|ecoflora,eleocharis palustris,ecoflora,leaf architecture,0,0,0,0,0,False,False,False,True,[],[],[],[]
eleocharis palustris|ecoflora,eleocharis palustris,ecoflora,leaf position,0,0,0,0,0,False,False,False,True,[],[],[],[]
eleocharis palustris|ecoflora,eleocharis palustris,ecoflora,leaf shape,0,0,0,0,0,False,False,False,True,[],[],[],[]
eleocharis palustris|ecoflora,eleocharis palustris,ecoflora,leaf apex,0,0,0,0,0,False,False,False,True,[],[],[],[]
eleocharis palustris|ecoflora,eleocharis palustris,ecoflora,leaf base,0,0,0,0,0,False,False,False,True,[],[],[],[]
eleocharis palustris|ecoflora,eleocharis palustris,ecoflora,leaf margin,0,0,0,0,0,False,False,False,True,[],[],[],[]
eleocharis palustris|ecoflora,eleocharis palustris,ecoflora,leaf min. width [cm],0,0,0,0,0,False,False,False,True,[],[],[],[]
eleocharis palustris|ecoflora,eleocharis palustris,ecoflora,leaf max. width [cm],0,0,0,0,0,False,False,False,True,[],[],[],[]
eleocharis palustris|ecoflora,eleocharis palustris,ecoflora,leaf min. length [cm],0,0,0,0,0,False,False,False,True,[],[],[],[]
eleocharis palustris|ecoflora,eleocharis palustris,ecoflora,leaf max. length [cm],0,0,0,0,0,False,False,False,True,[],[],[],[]
eleocharis palustris|ecoflora,eleocharis palustris,ecoflora,bract colour,0,0,0,0,0,False,False,False,True,[],[],[],[]
eleocharis palustris|ecoflora,eleocharis palustris,ecoflora,bracteole colour,0,0,0,0,0,False,False,False,True,[],[],[],[]
eleocharis palustris|ecoflora,eleocharis palustris,ecoflora,inflorescence arrangement,1,0,0,1,1,True,True,True,True,"[""spikelet""]","[""spikelet""]",[],[]
eleocharis palustris|ecoflora,eleocharis palustris,ecoflora,inflorescence orientation,0,0,0,0,0,False,False,False,True,[],[],[],[]
eleocharis palustris|ecoflora,eleocharis palustris,ecoflora,flower sex,0,0,0,0,0,False,False,False,True,[],[],[],[]
eleocharis palustris|ecoflora,eleocharis palustris,ecoflora,flower architecture,0,1,0,0,1,False,True,True,False,[],"[""naked""]","[""naked""]",[]
eleocharis palustris|ecoflora,eleocharis palustris,ecoflora,flower merosity,0,0,0,0,0,False,False,False,True,[],[],[],[]
eleocharis palustris|ecoflora,eleocharis palustris,ecoflora,flower symmetry,0,0,0,0,0,False,False,False,True,[],[],[],[]
eleocharis palustris|ecoflora,eleocharis palustris,ecoflora,flower shape,0,0,0,0,0,False,False,False,True,[],[],[],[]
eleocharis palustris|ecoflora,eleocharis palustris,ecoflora,flower colour,2,0,0,2,2,True,True,True,True,"[""brown"", ""green""]","[""brown"", ""green""]",[],[]
eleocharis palustris|ecoflora,eleocharis palustris,ecoflora,flower orientation,0,0,0,0,0,False,False,False,True,[],[],[],[]
eleocharis palustris|ecoflora,eleocharis palustris,ecoflora,petal fusion,0,0,0,0,0,False,False,False,True,[],[],[],[]
eleocharis palustris|ecoflora,eleocharis palustris,ecoflora,petal colour,0,0,0,0,0,False,False,False,True,[],[],[],[]
eleocharis palustris|ecoflora,eleocharis palustris,ecoflora,petal min. width [cm],0,0,0,0,0,False,False,False,True,[],[],[],[]
eleocharis palustris|ecoflora,eleocharis palustris,ecoflora,petal max. width [cm],0,0,0,0,0,False,False,False,True,[],[],[],[]
eleocharis palustris|ecoflora,eleocharis palustris,ecoflora,calyx colour,0,0,0,0,0,False,False,False,True,[],[],[],[]
eleocharis palustris|ecoflora,eleocharis palustris,ecoflora,calyx min. length [cm],0,0,0,0,0,False,False,False,True,[],[],[],[]
eleocharis palustris|ecoflora,eleocharis palustris,ecoflora,calyx max. length [cm],0,0,0,0,0,False,False,False,True,[],[],[],[]
eleocharis palustris|ecoflora,eleocharis palustris,ecoflora,corolla colour,0,0,0,0,0,False,False,False,True,[],[],[],[]
eleocharis palustris|ecoflora,eleocharis palustris,ecoflora,corolla tube min. length [cm],0,0,0,0,0,False,False,False,True,[],[],[],[]
eleocharis palustris|ecoflora,eleocharis palustris,ecoflora,corolla tube max. length [cm],0,0,0,0,0,False,False,False,True,[],[],[],[]
eleocharis palustris|ecoflora,eleocharis palustris,ecoflora,corolla tube lipped,0,0,0,0,0,False,False,False,True,[],[],[],[]
eleocharis palustris|ecoflora,eleocharis palustris,ecoflora,labellum colour,0,0,0,0,0,False,False,False,True,[],[],[],[]
eleocharis palustris|ecoflora,eleocharis palustris,ecoflora,labellum min. width [cm],0,0,0,0,0,False,False,False,True,[],[],[],[]
eleocharis palustris|ecoflora,eleocharis palustris,ecoflora,labellum max. width [cm],0,0,0,0,0,False,False,False,True,[],[],[],[]
eleocharis palustris|ecoflora,eleocharis palustris,ecoflora,spur min. length [cm],0,0,0,0,0,False,False,False,True,[],[],[],[]
eleocharis palustris|ecoflora,eleocharis palustris,ecoflora,spur max. length [cm],0,0,0,0,0,False,False,False,True,[],[],[],[]
eleocharis palustris|ecoflora,eleocharis palustris,ecoflora,reproduction architecture,0,0,0,0,0,False,False,False,True,[],[],[],[]
eleocharis palustris|ecoflora,eleocharis palustris,ecoflora,reproduction system,0,0,0,0,0,False,False,False,True,[],[],[],[]
eleocharis palustris|ecoflora,eleocharis palustris,ecoflora,stamen number,0,0,0,0,0,False,False,False,True,[],[],[],[]
eleocharis palustris|ecoflora,eleocharis palustris,ecoflora,stamen arrangement,0,0,0,0,0,False,False,False,True,[],[],[],[]
eleocharis palustris|ecoflora,eleocharis palustris,ecoflora,stamenoid number,0,0,0,0,0,False,False,False,True,[],[],[],[]
eleocharis palustris|ecoflora,eleocharis palustris,ecoflora,stamen min. length [cm],0,0,0,0,0,False,False,False,True,[],[],[],[]
eleocharis palustris|ecoflora,eleocharis palustris,ecoflora,stamen max. length [cm],0,0,0,0,0,False,False,False,True,[],[],[],[]
eleocharis palustris|ecoflora,eleocharis palustris,ecoflora,staminodium,0,0,0,0,0,False,False,False,True,[],[],[],[]
eleocharis palustris|ecoflora,eleocharis palustris,ecoflora,pollen colour,0,0,0,0,0,False,False,False,True,[],[],[],[]
eleocharis palustris|ecoflora,eleocharis palustris,ecoflora,carpel/ovary number,0,0,0,0,0,False,False,False,True,[],[],[],[]
eleocharis palustris|ecoflora,eleocharis palustris,ecoflora,gynoecium arrangement,0,0,0,0,0,False,False,False,True,[],[],[],[]
eleocharis palustris|ecoflora,eleocharis palustris,ecoflora,heterostyly,0,0,0,0,0,False,False,False,True,[],[],[],[]
eleocharis palustris|ecoflora,eleocharis palustris,ecoflora,pollination,0,0,0,0,0,False,False,False,True,[],[],[],[]
eleocharis palustris|ecoflora,eleocharis palustris,ecoflora,reward,0,0,0,0,0,False,False,False,True,[],[],[],[]
eleocharis palustris|ecoflora,eleocharis palustris,ecoflora,fruit type,0,0,1,1,0,True,False,True,False,"[""nut""]",[],[],"[""nut""]"
eleocharis palustris|ecoflora,eleocharis palustris,ecoflora,fruit structure,0,0,0,0,0,False,False,False,True,[],[],[],[]
eleocharis palustris|ecoflora,eleocharis palustris,ecoflora,fruit dehiscence,0,0,0,0,0,False,False,False,True,[],[],[],[]
eleocharis palustris|ecoflora,eleocharis palustris,ecoflora,fruit shape,0,0,0,0,0,False,False,False,True,[],[],[],[]
eleocharis palustris|ecoflora,eleocharis palustris,ecoflora,fruit colour,0,0,0,0,0,False,False,False,True,[],[],[],[]
eleocharis palustris|ecoflora,eleocharis palustris,ecoflora,seed colour,0,0,0,0,0,False,False,False,True,[],[],[],[]
eleocharis palustris|ecoflora,eleocharis palustris,ecoflora,seeds per fruit min,0,0,0,0,0,False,False,False,True,[],[],[],[]
eleocharis palustris|ecoflora,eleocharis palustris,ecoflora,seeds per fruit max,0,0,0,0,0,False,False,False,True,[],[],[],[]
eleocharis palustris|ecoflora,eleocharis palustris,ecoflora,seeds per fruit min.,0,0,0,0,0,False,False,False,True,[],[],[],[]
eleocharis palustris|ecoflora,eleocharis palustris,ecoflora,seed min. width [mm],1,0,0,1,1,True,True,True,True,"[""1.3""]","[""1.3""]",[],[]
eleocharis palustris|ecoflora,eleocharis palustris,ecoflora,seed max. width [mm],1,0,0,1,1,True,True,True,True,"[""1.5""]","[""1.5""]",[],[]
eleocharis palustris|ecoflora,eleocharis palustris,ecoflora,seed min. length [mm],1,0,0,1,1,True,True,True,True,"[""1.2""]","[""1.2""]",[],[]
eleocharis palustris|ecoflora,eleocharis palustris,ecoflora,seed max. length [mm],1,0,0,1,1,True,True,True,True,"[""2.0""]","[""2.0""]",[],[]
eleocharis palustris|ecoflora,eleocharis palustris,ecoflora,seed min. diameter [mm],0,0,0,0,0,False,False,False,True,[],[],[],[]
eleocharis palustris|ecoflora,eleocharis palustris,ecoflora,seed max. diameter [mm],0,0,0,0,0,False,False,False,True,[],[],[],[]
eleocharis palustris|ecoflora,eleocharis palustris,ecoflora,dispersal mode,1,0,0,1,1,True,True,True,True,"[""ectozoochory""]","[""ectozoochory""]",[],[]
eleocharis palustris|ecoflora,eleocharis palustris,ecoflora,ploidy level (2n),0,0,0,0,0,False,False,False,True,[],[],[],[]
eleocharis palustris|ecoflora,eleocharis palustris,ecoflora,root min. depth [cm],0,0,0,0,0,False,False,False,True,[],[],[],[]
eleocharis palustris|ecoflora,eleocharis palustris,ecoflora,root max. depth [cm],0,0,0,0,0,False,False,False,True,[],[],[],[]
galium palustre|efloras.flora_of_pakistan,galium palustre,efloras.flora_of_pakistan,life form,0,0,0,0,0,False,False,False,True,[],[],[],[]
galium palustre|efloras.flora_of_pakistan,galium palustre,efloras.flora_of_pakistan,habitat,1,0,0,1,1,True,True,True,True,"[""terrestrial""]","[""terrestrial""]",[],[]
galium palustre|efloras.flora_of_pakistan,galium palustre,efloras.flora_of_pakistan,habit,1,0,0,1,1,True,True,True,True,"[""erect leafy""]","[""erect leafy""]",[],[]
galium palustre|efloras.flora_of_pakistan,galium palustre,efloras.flora_of_pakistan,clonality,1,0,0,1,1,True,True,True,True,"[""solitary plant""]","[""solitary plant""]",[],[]
galium palustre|efloras.flora_of_pakistan,galium palustre,efloras.flora_of_pakistan,perennial organ,1,0,0,1,1,True,True,True,True,"[""stem""]","[""stem""]",[],[]
galium palustre|efloras.flora_of_pakistan,galium palustre,efloras.flora_of_pakistan,plant min. height [m],0,0,1,1,0,True,False,True,False,"[""0.5""]",[],[],"[""0.5""]"
galium palustre|efloras.flora_of_pakistan,galium palustre,efloras.flora_of_pakistan,plant max. height [m],0,0,1,1,0,True,False,True,False,"[""0.8""]",[],[],"[""0.8""]"
galium palustre|efloras.flora_of_pakistan,galium palustre,efloras.flora_of_pakistan,indumentum,2,0,1,3,2,True,True,True,False,"[""glabrous"", ""papillose"", ""scabrous""]","[""glabrous"", ""scabrous""]",[],"[""papillose""]"
galium palustre|efloras.flora_of_pakistan,galium palustre,efloras.flora_of_pakistan,spinescence,0,0,0,0,0,False,False,False,True,[],[],[],[]
galium palustre|efloras.flora_of_pakistan,galium palustre,efloras.flora_of_pakistan,succulence,0,0,0,0,0,False,False,False,True,[],[],[],[]
galium palustre|efloras.flora_of_pakistan,galium palustre,efloras.flora_of_pakistan,leaf arrangement,0,0,0,0,0,False,False,False,True,[],[],[],[]
galium palustre|efloras.flora_of_pakistan,galium palustre,efloras.flora_of_pakistan,leaf architecture,0,0,0,0,0,False,False,False,True,[],[],[],[]
galium palustre|efloras.flora_of_pakistan,galium palustre,efloras.flora_of_pakistan,leaf position,0,0,1,1,0,True,False,True,False,"[""whorled""]",[],[],"[""whorled""]"
galium palustre|efloras.flora_of_pakistan,galium palustre,efloras.flora_of_pakistan,leaf shape,1,0,1,2,1,True,True,True,False,"[""lanceolate"", ""linear""]","[""lanceolate""]",[],"[""linear""]"
galium palustre|efloras.flora_of_pakistan,galium palustre,efloras.flora_of_pakistan,leaf apex,2,1,0,2,3,True,True,True,False,"[""acute"", ""cuspidate""]","[""acute"", ""cuspidate"", ""recurved""]","[""recurved""]",[]
galium palustre|efloras.flora_of_pakistan,galium palustre,efloras.flora_of_pakistan,leaf base,0,0,0,0,0,False,False,False,True,[],[],[],[]
galium palustre|efloras.flora_of_pakistan,galium palustre,efloras.flora_of_pakistan,leaf margin,1,0,0,1,1,True,True,True,True,"[""revolute""]","[""revolute""]",[],[]
galium palustre|efloras.flora_of_pakistan,galium palustre,efloras.flora_of_pakistan,leaf min. width [cm],1,0,0,1,1,True,True,True,True,"[""0.2""]","[""0.2""]",[],[]
galium palustre|efloras.flora_of_pakistan,galium palustre,efloras.flora_of_pakistan,leaf max. width [cm],1,0,0,1,1,True,True,True,True,"[""0.3""]","[""0.3""]",[],[]
galium palustre|efloras.flora_of_pakistan,galium palustre,efloras.flora_of_pakistan,leaf min. length [cm],1,0,0,1,1,True,True,True,True,"[""1.9""]","[""1.9""]",[],[]
galium palustre|efloras.flora_of_pakistan,galium palustre,efloras.flora_of_pakistan,leaf max. length [cm],1,0,0,1,1,True,True,True,True,"[""3.0""]","[""3.0""]",[],[]
galium palustre|efloras.flora_of_pakistan,galium palustre,efloras.flora_of_pakistan,bract colour,0,0,0,0,0,False,False,False,True,[],[],[],[]
galium palustre|efloras.flora_of_pakistan,galium palustre,efloras.flora_of_pakistan,bracteole colour,0,0,0,0,0,False,False,False,True,[],[],[],[]
galium palustre|efloras.flora_of_pakistan,galium palustre,efloras.flora_of_pakistan,inflorescence arrangement,0,0,1,1,0,True,False,True,False,"[""panicle""]",[],[],"[""panicle""]"
galium palustre|efloras.flora_of_pakistan,galium palustre,efloras.flora_of_pakistan,inflorescence orientation,0,0,0,0,0,False,False,False,True,[],[],[],[]
galium palustre|efloras.flora_of_pakistan,galium palustre,efloras.flora_of_pakistan,flower sex,0,0,0,0,0,False,False,False,True,[],[],[],[]
galium palustre|efloras.flora_of_pakistan,galium palustre,efloras.flora_of_pakistan,flower architecture,0,0,0,0,0,False,False,False,True,[],[],[],[]
galium palustre|efloras.flora_of_pakistan,galium palustre,efloras.flora_of_pakistan,flower merosity,0,0,0,0,0,False,False,False,True,[],[],[],[]
galium palustre|efloras.flora_of_pakistan,galium palustre,efloras.flora_of_pakistan,flower symmetry,0,0,0,0,0,False,False,False,True,[],[],[],[]
galium palustre|efloras.flora_of_pakistan,galium palustre,efloras.flora_of_pakistan,flower shape,0,0,0,0,0,False,False,False,True,[],[],[],[]
galium palustre|efloras.flora_of_pakistan,galium palustre,efloras.flora_of_pakistan,flower colour,0,0,0,0,0,False,False,False,True,[],[],[],[]
galium palustre|efloras.flora_of_pakistan,galium palustre,efloras.flora_of_pakistan,flower orientation,0,0,0,0,0,False,False,False,True,[],[],[],[]
galium palustre|efloras.flora_of_pakistan,galium palustre,efloras.flora_of_pakistan,petal fusion,0,0,0,0,0,False,False,False,True,[],[],[],[]
galium palustre|efloras.flora_of_pakistan,galium palustre,efloras.flora_of_pakistan,petal colour,0,0,0,0,0,False,False,False,True,[],[],[],[]
galium palustre|efloras.flora_of_pakistan,galium palustre,efloras.flora_of_pakistan,petal min. width [cm],0,0,0,0,0,False,False,False,True,[],[],[],[]
galium palustre|efloras.flora_of_pakistan,galium palustre,efloras.flora_of_pakistan,petal max. width [cm],0,0,0,0,0,False,False,False,True,[],[],[],[]
galium palustre|efloras.flora_of_pakistan,galium palustre,efloras.flora_of_pakistan,calyx colour,0,0,0,0,0,False,False,False,True,[],[],[],[]
galium palustre|efloras.flora_of_pakistan,galium palustre,efloras.flora_of_pakistan,calyx min. length [cm],0,0,0,0,0,False,False,False,True,[],[],[],[]
galium palustre|efloras.flora_of_pakistan,galium palustre,efloras.flora_of_pakistan,calyx max. length [cm],0,0,0,0,0,False,False,False,True,[],[],[],[]
galium palustre|efloras.flora_of_pakistan,galium palustre,efloras.flora_of_pakistan,corolla colour,3,0,0,3,3,True,True,True,True,"[""green"", ""white"", ""yellow""]","[""green"", ""white"", ""yellow""]",[],[]
galium palustre|efloras.flora_of_pakistan,galium palustre,efloras.flora_of_pakistan,corolla tube min. length [cm],1,0,0,1,1,True,True,True,True,"[""0.2""]","[""0.2""]",[],[]
galium palustre|efloras.flora_of_pakistan,galium palustre,efloras.flora_of_pakistan,corolla tube max. length [cm],1,0,0,1,1,True,True,True,True,"[""0.2""]","[""0.2""]",[],[]
galium palustre|efloras.flora_of_pakistan,galium palustre,efloras.flora_of_pakistan,corolla tube lipped,0,0,0,0,0,False,False,False,True,[],[],[],[]
galium palustre|efloras.flora_of_pakistan,galium palustre,efloras.flora_of_pakistan,labellum colour,0,0,0,0,0,False,False,False,True,[],[],[],[]
galium palustre|efloras.flora_of_pakistan,galium palustre,efloras.flora_of_pakistan,labellum min. width [cm],0,0,0,0,0,False,False,False,True,[],[],[],[]
galium palustre|efloras.flora_of_pakistan,galium palustre,efloras.flora_of_pakistan,labellum max. width [cm],0,0,0,0,0,False,False,False,True,[],[],[],[]
galium palustre|efloras.flora_of_pakistan,galium palustre,efloras.flora_of_pakistan,spur min. length [cm],0,0,0,0,0,False,False,False,True,[],[],[],[]
galium palustre|efloras.flora_of_pakistan,galium palustre,efloras.flora_of_pakistan,spur max. length [cm],0,0,0,0,0,False,False,False,True,[],[],[],[]
galium palustre|efloras.flora_of_pakistan,galium palustre,efloras.flora_of_pakistan,reproduction architecture,0,0,0,0,0,False,False,False,True,[],[],[],[]
galium palustre|efloras.flora_of_pakistan,galium palustre,efloras.flora_of_pakistan,reproduction system,0,0,0,0,0,False,False,False,True,[],[],[],[]
galium palustre|efloras.flora_of_pakistan,galium palustre,efloras.flora_of_pakistan,stamen number,0,0,0,0,0,False,False,False,True,[],[],[],[]
galium palustre|efloras.flora_of_pakistan,galium palustre,efloras.flora_of_pakistan,stamen arrangement,0,0,0,0,0,False,False,False,True,[],[],[],[]
galium palustre|efloras.flora_of_pakistan,galium palustre,efloras.flora_of_pakistan,stamenoid number,0,0,0,0,0,False,False,False,True,[],[],[],[]
galium palustre|efloras.flora_of_pakistan,galium palustre,efloras.flora_of_pakistan,stamen min. length [cm],0,0,0,0,0,False,False,False,True,[],[],[],[]
galium palustre|efloras.flora_of_pakistan,galium palustre,efloras.flora_of_pakistan,stamen max. length [cm],0,0,0,0,0,False,False,False,True,[],[],[],[]
galium palustre|efloras.flora_of_pakistan,galium palustre,efloras.flora_of_pakistan,staminodium,0,0,0,0,0,False,False,False,True,[],[],[],[]
galium palustre|efloras.flora_of_pakistan,galium palustre,efloras.flora_of_pakistan,pollen colour,0,0,0,0,0,False,False,False,True,[],[],[],[]
galium palustre|efloras.flora_of_pakistan,galium palustre,efloras.flora_of_pakistan,carpel/ovary number,0,0,0,0,0,False,False,False,True,[],[],[],[]
galium palustre|efloras.flora_of_pakistan,galium palustre,efloras.flora_of_pakistan,gynoecium arrangement,0,0,0,0,0,False,False,False,True,[],[],[],[]
galium palustre|efloras.flora_of_pakistan,galium palustre,efloras.flora_of_pakistan,heterostyly,0,0,0,0,0,False,False,False,True,[],[],[],[]
galium palustre|efloras.flora_of_pakistan,galium palustre,efloras.flora_of_pakistan,pollination,0,0,0,0,0,False,False,False,True,[],[],[],[]
galium palustre|efloras.flora_of_pakistan,galium palustre,efloras.flora_of_pakistan,reward,0,0,0,0,0,False,False,False,True,[],[],[],[]
galium palustre|efloras.flora_of_pakistan,galium palustre,efloras.flora_of_pakistan,fruit type,0,0,0,0,0,False,False,False,True,[],[],[],[]
galium palustre|efloras.flora_of_pakistan,galium palustre,efloras.flora_of_pakistan,fruit structure,0,0,0,0,0,False,False,False,True,[],[],[],[]
galium palustre|efloras.flora_of_pakistan,galium palustre,efloras.flora_of_pakistan,fruit dehiscence,0,0,0,0,0,False,False,False,True,[],[],[],[]
galium palustre|efloras.flora_of_pakistan,galium palustre,efloras.flora_of_pakistan,fruit shape,1,0,0,1,1,True,True,True,True,"[""ovoid""]","[""ovoid""]",[],[]
galium palustre|efloras.flora_of_pakistan,galium palustre,efloras.flora_of_pakistan,fruit colour,0,0,0,0,0,False,False,False,True,[],[],[],[]
galium palustre|efloras.flora_of_pakistan,galium palustre,efloras.flora_of_pakistan,seed colour,0,0,0,0,0,False,False,False,True,[],[],[],[]
galium palustre|efloras.flora_of_pakistan,galium palustre,efloras.flora_of_pakistan,seeds per fruit min,0,0,0,0,0,False,False,False,True,[],[],[],[]
galium palustre|efloras.flora_of_pakistan,galium palustre,efloras.flora_of_pakistan,seeds per fruit max,0,0,0,0,0,False,False,False,True,[],[],[],[]
galium palustre|efloras.flora_of_pakistan,galium palustre,efloras.flora_of_pakistan,seeds per fruit min.,0,0,0,0,0,False,False,False,True,[],[],[],[]
galium palustre|efloras.flora_of_pakistan,galium palustre,efloras.flora_of_pakistan,seed min. width [mm],0,0,0,0,0,False,False,False,True,[],[],[],[]
galium palustre|efloras.flora_of_pakistan,galium palustre,efloras.flora_of_pakistan,seed max. width [mm],0,0,0,0,0,False,False,False,True,[],[],[],[]
galium palustre|efloras.flora_of_pakistan,galium palustre,efloras.flora_of_pakistan,seed min. length [mm],0,0,0,0,0,False,False,False,True,[],[],[],[]
galium palustre|efloras.flora_of_pakistan,galium palustre,efloras.flora_of_pakistan,seed max. length [mm],0,0,0,0,0,False,False,False,True,[],[],[],[]
galium palustre|efloras.flora_of_pakistan,galium palustre,efloras.flora_of_pakistan,seed min. diameter [mm],0,0,0,0,0,False,False,False,True,[],[],[],[]
galium palustre|efloras.flora_of_pakistan,galium palustre,efloras.flora_of_pakistan,seed max. diameter [mm],0,0,0,0,0,False,False,False,True,[],[],[],[]
galium palustre|efloras.flora_of_pakistan,galium palustre,efloras.flora_of_pakistan,dispersal mode,0,0,0,0,0,False,False,False,True,[],[],[],[]
galium palustre|efloras.flora_of_pakistan,galium palustre,efloras.flora_of_pakistan,ploidy level (2n),0,0,0,0,0,False,False,False,True,[],[],[],[]
galium palustre|efloras.flora_of_pakistan,galium palustre,efloras.flora_of_pakistan,root min. depth [cm],0,0,0,0,0,False,False,False,True,[],[],[],[]
galium palustre|efloras.flora_of_pakistan,galium palustre,efloras.flora_of_pakistan,root max. depth [cm],0,0,0,0,0,False,False,False,True,[],[],[],[]
hypochaeris radicata|efloras.flora_of_china,hypochaeris radicata,efloras.flora_of_china,life form,1,0,0,1,1,True,True,True,True,"[""perennial""]","[""perennial""]",[],[]
hypochaeris radicata|efloras.flora_of_china,hypochaeris radicata,efloras.flora_of_china,habitat,1,0,0,1,1,True,True,True,True,"[""terrestrial""]","[""terrestrial""]",[],[]
hypochaeris radicata|efloras.flora_of_china,hypochaeris radicata,efloras.flora_of_china,habit,2,1,0,2,3,True,True,True,False,"[""erect leafy"", ""herb""]","[""erect leafy"", ""erect leavy"", ""herb""]","[""erect leavy""]",[]
hypochaeris radicata|efloras.flora_of_china,hypochaeris radicata,efloras.flora_of_china,clonality,1,0,0,1,1,True,True,True,True,"[""solitary plant""]","[""solitary plant""]",[],[]
hypochaeris radicata|efloras.flora_of_china,hypochaeris radicata,efloras.flora_of_china,perennial organ,2,0,0,2,2,True,True,True,True,"[""stem"", ""trunk""]","[""stem"", ""trunk""]",[],[]
hypochaeris radicata|efloras.flora_of_china,hypochaeris radicata,efloras.flora_of_china,plant min. height [m],1,0,0,1,1,True,True,True,True,"[""0.15""]","[""0.15""]",[],[]
hypochaeris radicata|efloras.flora_of_china,hypochaeris radicata,efloras.flora_of_china,plant max. height [m],1,0,0,1,1,True,True,True,True,"[""0.6""]","[""0.6""]",[],[]
hypochaeris radicata|efloras.flora_of_china,hypochaeris radicata,efloras.flora_of_china,indumentum,0,0,0,0,0,False,False,False,True,[],[],[],[]
hypochaeris radicata|efloras.flora_of_china,hypochaeris radicata,efloras.flora_of_china,spinescence,0,0,0,0,0,False,False,False,True,[],[],[],[]
hypochaeris radicata|efloras.flora_of_china,hypochaeris radicata,efloras.flora_of_china,succulence,0,0,0,0,0,False,False,False,True,[],[],[],[]
hypochaeris radicata|efloras.flora_of_china,hypochaeris radicata,efloras.flora_of_china,leaf arrangement,0,0,0,0,0,False,False,False,True,[],[],[],[]
hypochaeris radicata|efloras.flora_of_china,hypochaeris radicata,efloras.flora_of_china,leaf architecture,1,0,0,1,1,True,True,True,True,"[""pinnatipartite""]","[""pinnatipartite""]",[],[]
hypochaeris radicata|efloras.flora_of_china,hypochaeris radicata,efloras.flora_of_china,leaf position,1,0,0,1,1,True,True,True,True,"[""rosette""]","[""rosette""]",[],[]
hypochaeris radicata|efloras.flora_of_china,hypochaeris radicata,efloras.flora_of_china,leaf shape,2,2,0,2,4,True,True,True,False,"[""oblanceolate"", ""spatulate""]","[""oblanceolate"", ""orbicular"", ""rounded"", ""spatulate""]","[""orbicular"", ""rounded""]",[]
hypochaeris radicata|efloras.flora_of_china,hypochaeris radicata,efloras.flora_of_china,leaf apex,2,0,0,2,2,True,True,True,True,"[""acute"", ""rounded""]","[""acute"", ""rounded""]",[],[]
hypochaeris radicata|efloras.flora_of_china,hypochaeris radicata,efloras.flora_of_china,leaf base,1,1,0,1,2,True,True,True,False,"[""attenuate""]","[""attenuate"", ""rounded""]","[""rounded""]",[]
hypochaeris radicata|efloras.flora_of_china,hypochaeris radicata,efloras.flora_of_china,leaf margin,2,0,0,2,2,True,True,True,True,"[""dentate"", ""sinuate""]","[""dentate"", ""sinuate""]",[],[]
hypochaeris radicata|efloras.flora_of_china,hypochaeris radicata,efloras.flora_of_china,leaf min. width [cm],1,0,0,1,1,True,True,True,True,"[""1.0""]","[""1.0""]",[],[]
hypochaeris radicata|efloras.flora_of_china,hypochaeris radicata,efloras.flora_of_china,leaf max. width [cm],1,0,0,1,1,True,True,True,True,"[""7.5""]","[""7.5""]",[],[]
hypochaeris radicata|efloras.flora_of_china,hypochaeris radicata,efloras.flora_of_china,leaf min. length [cm],1,0,0,1,1,True,True,True,True,"[""4.0""]","[""4.0""]",[],[]
hypochaeris radicata|efloras.flora_of_china,hypochaeris radicata,efloras.flora_of_china,leaf max. length [cm],1,0,0,1,1,True,True,True,True,"[""30.0""]","[""30.0""]",[],[]
hypochaeris radicata|efloras.flora_of_china,hypochaeris radicata,efloras.flora_of_china,bract colour,0,0,0,0,0,False,False,False,True,[],[],[],[]
hypochaeris radicata|efloras.flora_of_china,hypochaeris radicata,efloras.flora_of_china,bracteole colour,0,0,0,0,0,False,False,False,True,[],[],[],[]
hypochaeris radicata|efloras.flora_of_china,hypochaeris radicata,efloras.flora_of_china,inflorescence arrangement,1,0,1,2,1,True,True,True,False,"[""capitulum"", ""corymb""]","[""capitulum""]",[],"[""corymb""]"
hypochaeris radicata|efloras.flora_of_china,hypochaeris radicata,efloras.flora_of_china,inflorescence orientation,0,0,0,0,0,False,False,False,True,[],[],[],[]
hypochaeris radicata|efloras.flora_of_china,hypochaeris radicata,efloras.flora_of_china,flower sex,0,0,0,0,0,False,False,False,True,[],[],[],[]
hypochaeris radicata|efloras.flora_of_china,hypochaeris radicata,efloras.flora_of_china,flower architecture,0,0,0,0,0,False,False,False,True,[],[],[],[]
hypochaeris radicata|efloras.flora_of_china,hypochaeris radicata,efloras.flora_of_china,flower merosity,0,0,0,0,0,False,False,False,True,[],[],[],[]
hypochaeris radicata|efloras.flora_of_china,hypochaeris radicata,efloras.flora_of_china,flower symmetry,0,0,0,0,0,False,False,False,True,[],[],[],[]
hypochaeris radicata|efloras.flora_of_china,hypochaeris radicata,efloras.flora_of_china,flower shape,0,0,0,0,0,False,False,False,True,[],[],[],[]
hypochaeris radicata|efloras.flora_of_china,hypochaeris radicata,efloras.flora_of_china,flower colour,1,0,0,1,1,True,True,True,True,"[""yellow""]","[""yellow""]",[],[]
hypochaeris radicata|efloras.flora_of_china,hypochaeris radicata,efloras.flora_of_china,flower orientation,0,0,0,0,0,False,False,False,True,[],[],[],[]
hypochaeris radicata|efloras.flora_of_china,hypochaeris radicata,efloras.flora_of_china,petal fusion,0,0,0,0,0,False,False,False,True,[],[],[],[]
hypochaeris radicata|efloras.flora_of_china,hypochaeris radicata,efloras.flora_of_china,petal colour,0,0,0,0,0,False,False,False,True,[],[],[],[]
hypochaeris radicata|efloras.flora_of_china,hypochaeris radicata,efloras.flora_of_china,petal min. width [cm],0,0,0,0,0,False,False,False,True,[],[],[],[]
hypochaeris radicata|efloras.flora_of_china,hypochaeris radicata,efloras.flora_of_china,petal max. width [cm],0,0,0,0,0,False,False,False,True,[],[],[],[]
hypochaeris radicata|efloras.flora_of_china,hypochaeris radicata,efloras.flora_of_china,calyx colour,0,0,0,0,0,False,False,False,True,[],[],[],[]
hypochaeris radicata|efloras.flora_of_china,hypochaeris radicata,efloras.flora_of_china,calyx min. length [cm],0,0,0,0,0,False,False,False,True,[],[],[],[]
hypochaeris radicata|efloras.flora_of_china,hypochaeris radicata,efloras.flora_of_china,calyx max. length [cm],0,0,0,0,0,False,False,False,True,[],[],[],[]
hypochaeris radicata|efloras.flora_of_china,hypochaeris radicata,efloras.flora_of_china,corolla colour,0,0,0,0,0,False,False,False,True,[],[],[],[]
hypochaeris radicata|efloras.flora_of_china,hypochaeris radicata,efloras.flora_of_china,corolla tube min. length [cm],0,0,0,0,0,False,False,False,True,[],[],[],[]
hypochaeris radicata|efloras.flora_of_china,hypochaeris radicata,efloras.flora_of_china,corolla tube max. length [cm],0,0,0,0,0,False,False,False,True,[],[],[],[]
hypochaeris radicata|efloras.flora_of_china,hypochaeris radicata,efloras.flora_of_china,corolla tube lipped,0,0,0,0,0,False,False,False,True,[],[],[],[]
hypochaeris radicata|efloras.flora_of_china,hypochaeris radicata,efloras.flora_of_china,labellum colour,0,0,0,0,0,False,False,False,True,[],[],[],[]
hypochaeris radicata|efloras.flora_of_china,hypochaeris radicata,efloras.flora_of_china,labellum min. width [cm],0,0,0,0,0,False,False,False,True,[],[],[],[]
hypochaeris radicata|efloras.flora_of_china,hypochaeris radicata,efloras.flora_of_china,labellum max. width [cm],0,0,0,0,0,False,False,False,True,[],[],[],[]
hypochaeris radicata|efloras.flora_of_china,hypochaeris radicata,efloras.flora_of_china,spur min. length [cm],0,0,0,0,0,False,False,False,True,[],[],[],[]
hypochaeris radicata|efloras.flora_of_china,hypochaeris radicata,efloras.flora_of_china,spur max. length [cm],0,0,0,0,0,False,False,False,True,[],[],[],[]
hypochaeris radicata|efloras.flora_of_china,hypochaeris radicata,efloras.flora_of_china,reproduction architecture,0,0,0,0,0,False,False,False,True,[],[],[],[]
hypochaeris radicata|efloras.flora_of_china,hypochaeris radicata,efloras.flora_of_china,reproduction system,0,0,0,0,0,False,False,False,True,[],[],[],[]
hypochaeris radicata|efloras.flora_of_china,hypochaeris radicata,efloras.flora_of_china,stamen number,0,0,0,0,0,False,False,False,True,[],[],[],[]
hypochaeris radicata|efloras.flora_of_china,hypochaeris radicata,efloras.flora_of_china,stamen arrangement,0,0,0,0,0,False,False,False,True,[],[],[],[]
hypochaeris radicata|efloras.flora_of_china,hypochaeris radicata,efloras.flora_of_china,stamenoid number,0,0,0,0,0,False,False,False,True,[],[],[],[]
hypochaeris radicata|efloras.flora_of_china,hypochaeris radicata,efloras.flora_of_china,stamen min. length [cm],0,0,0,0,0,False,False,False,True,[],[],[],[]
hypochaeris radicata|efloras.flora_of_china,hypochaeris radicata,efloras.flora_of_china,stamen max. length [cm],0,0,0,0,0,False,False,False,True,[],[],[],[]
hypochaeris radicata|efloras.flora_of_china,hypochaeris radicata,efloras.flora_of_china,staminodium,0,0,0,0,0,False,False,False,True,[],[],[],[]
hypochaeris radicata|efloras.flora_of_china,hypochaeris radicata,efloras.flora_of_china,pollen colour,0,0,0,0,0,False,False,False,True,[],[],[],[]
hypochaeris radicata|efloras.flora_of_china,hypochaeris radicata,efloras.flora_of_china,carpel/ovary number,0,0,0,0,0,False,False,False,True,[],[],[],[]
hypochaeris radicata|efloras.flora_of_china,hypochaeris radicata,efloras.flora_of_china,gynoecium arrangement,0,0,0,0,0,False,False,False,True,[],[],[],[]
hypochaeris radicata|efloras.flora_of_china,hypochaeris radicata,efloras.flora_of_china,heterostyly,0,0,0,0,0,False,False,False,True,[],[],[],[]
hypochaeris radicata|efloras.flora_of_china,hypochaeris radicata,efloras.flora_of_china,pollination,0,0,0,0,0,False,False,False,True,[],[],[],[]
hypochaeris radicata|efloras.flora_of_china,hypochaeris radicata,efloras.flora_of_china,reward,0,0,0,0,0,False,False,False,True,[],[],[],[]
hypochaeris radicata|efloras.flora_of_china,hypochaeris radicata,efloras.flora_of_china,fruit type,0,0,1,1,0,True,False,True,False,"[""achene""]",[],[],"[""achene""]"
hypochaeris radicata|efloras.flora_of_china,hypochaeris radicata,efloras.flora_of_china,fruit structure,0,0,0,0,0,False,False,False,True,[],[],[],[]
hypochaeris radicata|efloras.flora_of_china,hypochaeris radicata,efloras.flora_of_china,fruit dehiscence,0,0,0,0,0,False,False,False,True,[],[],[],[]
hypochaeris radicata|efloras.flora_of_china,hypochaeris radicata,efloras.flora_of_china,fruit shape,0,0,0,0,0,False,False,False,True,[],[],[],[]
hypochaeris radicata|efloras.flora_of_china,hypochaeris radicata,efloras.flora_of_china,fruit colour,0,0,0,0,0,False,False,False,True,[],[],[],[]
hypochaeris radicata|efloras.flora_of_china,hypochaeris radicata,efloras.flora_of_china,seed colour,1,0,0,1,1,True,True,True,True,"[""brown""]","[""brown""]",[],[]
hypochaeris radicata|efloras.flora_of_china,hypochaeris radicata,efloras.flora_of_china,seeds per fruit min,0,0,0,0,0,False,False,False,True,[],[],[],[]
hypochaeris radicata|efloras.flora_of_china,hypochaeris radicata,efloras.flora_of_china,seeds per fruit max,0,0,0,0,0,False,False,False,True,[],[],[],[]
hypochaeris radicata|efloras.flora_of_china,hypochaeris radicata,efloras.flora_of_china,seeds per fruit min.,0,0,0,0,0,False,False,False,True,[],[],[],[]
hypochaeris radicata|efloras.flora_of_china,hypochaeris radicata,efloras.flora_of_china,seed min. width [mm],0,0,0,0,0,False,False,False,True,[],[],[],[]
hypochaeris radicata|efloras.flora_of_china,hypochaeris radicata,efloras.flora_of_china,seed max. width [mm],0,0,0,0,0,False,False,False,True,[],[],[],[]
hypochaeris radicata|efloras.flora_of_china,hypochaeris radicata,efloras.flora_of_china,seed min. length [mm],0,0,0,0,0,False,False,False,True,[],[],[],[]
hypochaeris radicata|efloras.flora_of_china,hypochaeris radicata,efloras.flora_of_china,seed max. length [mm],0,0,0,0,0,False,False,False,True,[],[],[],[]
hypochaeris radicata|efloras.flora_of_china,hypochaeris radicata,efloras.flora_of_china,seed min. diameter [mm],0,0,0,0,0,False,False,False,True,[],[],[],[]
hypochaeris radicata|efloras.flora_of_china,hypochaeris radicata,efloras.flora_of_china,seed max. diameter [mm],0,0,0,0,0,False,False,False,True,[],[],[],[]
hypochaeris radicata|efloras.flora_of_china,hypochaeris radicata,efloras.flora_of_china,dispersal mode,1,0,0,1,1,True,True,True,True,"[""ectozoochory""]","[""ectozoochory""]",[],[]
hypochaeris radicata|efloras.flora_of_china,hypochaeris radicata,efloras.flora_of_china,ploidy level (2n),1,0,0,1,1,True,True,True,True,"[""8""]","[""8""]",[],[]
hypochaeris radicata|efloras.flora_of_china,hypochaeris radicata,efloras.flora_of_china,root min. depth [cm],0,0,0,0,0,False,False,False,True,[],[],[],[]
hypochaeris radicata|efloras.flora_of_china,hypochaeris radicata,efloras.flora_of_china,root max. depth [cm],0,0,0,0,0,False,False,False,True,[],[],[],[]
lythrum salicaria|efloras.flora_of_pakistan,lythrum salicaria,efloras.flora_of_pakistan,life form,1,0,0,1,1,True,True,True,True,"[""perennial""]","[""perennial""]",[],[]
lythrum salicaria|efloras.flora_of_pakistan,lythrum salicaria,efloras.flora_of_pakistan,habitat,0,0,0,0,0,False,False,False,True,[],[],[],[]
lythrum salicaria|efloras.flora_of_pakistan,lythrum salicaria,efloras.flora_of_pakistan,habit,0,0,0,0,0,False,False,False,True,[],[],[],[]
lythrum salicaria|efloras.flora_of_pakistan,lythrum salicaria,efloras.flora_of_pakistan,clonality,0,0,0,0,0,False,False,False,True,[],[],[],[]
lythrum salicaria|efloras.flora_of_pakistan,lythrum salicaria,efloras.flora_of_pakistan,perennial organ,0,0,0,0,0,False,False,False,True,[],[],[],[]
lythrum salicaria|efloras.flora_of_pakistan,lythrum salicaria,efloras.flora_of_pakistan,plant min. height [m],1,0,0,1,1,True,True,True,True,"[""0.4""]","[""0.4""]",[],[]
lythrum salicaria|efloras.flora_of_pakistan,lythrum salicaria,efloras.flora_of_pakistan,plant max. height [m],1,0,0,1,1,True,True,True,True,"[""0.7""]","[""0.7""]",[],[]
lythrum salicaria|efloras.flora_of_pakistan,lythrum salicaria,efloras.flora_of_pakistan,indumentum,0,0,0,0,0,False,False,False,True,[],[],[],[]
lythrum salicaria|efloras.flora_of_pakistan,lythrum salicaria,efloras.flora_of_pakistan,spinescence,0,0,0,0,0,False,False,False,True,[],[],[],[]
lythrum salicaria|efloras.flora_of_pakistan,lythrum salicaria,efloras.flora_of_pakistan,succulence,0,0,0,0,0,False,False,False,True,[],[],[],[]
lythrum salicaria|efloras.flora_of_pakistan,lythrum salicaria,efloras.flora_of_pakistan,leaf arrangement,0,0,0,0,0,False,False,False,True,[],[],[],[]
lythrum salicaria|efloras.flora_of_pakistan,lythrum salicaria,efloras.flora_of_pakistan,leaf architecture,0,0,0,0,0,False,False,False,True,[],[],[],[]
lythrum salicaria|efloras.flora_of_pakistan,lythrum salicaria,efloras.flora_of_pakistan,leaf position,0,0,0,0,0,False,False,False,True,[],[],[],[]
lythrum salicaria|efloras.flora_of_pakistan,lythrum salicaria,efloras.flora_of_pakistan,leaf shape,3,1,0,3,4,True,True,True,False,"[""elliptic"", ""lanceolate"", ""ovate""]","[""cordate"", ""elliptic"", ""lanceolate"", ""ovate""]","[""cordate""]",[]
lythrum salicaria|efloras.flora_of_pakistan,lythrum salicaria,efloras.flora_of_pakistan,leaf apex,2,2,0,2,4,True,True,True,False,"[""acuminate"", ""acute""]","[""acuminate"", ""acute"", ""attenuate"", ""lanceolate""]","[""attenuate"", ""lanceolate""]",[]
lythrum salicaria|efloras.flora_of_pakistan,lythrum salicaria,efloras.flora_of_pakistan,leaf base,1,0,1,2,1,True,True,True,False,"[""amplexicaul"", ""cordate""]","[""amplexicaul""]",[],"[""cordate""]"
lythrum salicaria|efloras.flora_of_pakistan,lythrum salicaria,efloras.flora_of_pakistan,leaf margin,0,0,0,0,0,False,False,False,True,[],[],[],[]
lythrum salicaria|efloras.flora_of_pakistan,lythrum salicaria,efloras.flora_of_pakistan,leaf min. width [cm],1,0,0,1,1,True,True,True,True,"[""0.25""]","[""0.25""]",[],[]
lythrum salicaria|efloras.flora_of_pakistan,lythrum salicaria,efloras.flora_of_pakistan,leaf max. width [cm],1,0,0,1,1,True,True,True,True,"[""1.5""]","[""1.5""]",[],[]
lythrum salicaria|efloras.flora_of_pakistan,lythrum salicaria,efloras.flora_of_pakistan,leaf min. length [cm],1,0,0,1,1,True,True,True,True,"[""0.6""]","[""0.6""]",[],[]
lythrum salicaria|efloras.flora_of_pakistan,lythrum salicaria,efloras.flora_of_pakistan,leaf max. length [cm],1,0,0,1,1,True,True,True,True,"[""6.0""]","[""6.0""]",[],[]
lythrum salicaria|efloras.flora_of_pakistan,lythrum salicaria,efloras.flora_of_pakistan,bract colour,0,0,0,0,0,False,False,False,True,[],[],[],[]
lythrum salicaria|efloras.flora_of_pakistan,lythrum salicaria,efloras.flora_of_pakistan,bracteole colour,0,0,0,0,0,False,False,False,True,[],[],[],[]
lythrum salicaria|efloras.flora_of_pakistan,lythrum salicaria,efloras.flora_of_pakistan,inflorescence arrangement,0,0,1,1,0,True,False,True,False,"[""spike""]",[],[],"[""spike""]"
lythrum salicaria|efloras.flora_of_pakistan,lythrum salicaria,efloras.flora_of_pakistan,inflorescence orientation,0,0,0,0,0,False,False,False,True,[],[],[],[]
lythrum salicaria|efloras.flora_of_pakistan,lythrum salicaria,efloras.flora_of_pakistan,flower sex,0,0,0,0,0,False,False,False,True,[],[],[],[]
lythrum salicaria|efloras.flora_of_pakistan,lythrum salicaria,efloras.flora_of_pakistan,flower architecture,0,0,0,0,0,False,False,False,True,[],[],[],[]
lythrum salicaria|efloras.flora_of_pakistan,lythrum salicaria,efloras.flora_of_pakistan,flower merosity,0,0,0,0,0,False,False,False,True,[],[],[],[]
lythrum salicaria|efloras.flora_of_pakistan,lythrum salicaria,efloras.flora_of_pakistan,flower symmetry,0,0,0,0,0,False,False,False,True,[],[],[],[]
lythrum salicaria|efloras.flora_of_pakistan,lythrum salicaria,efloras.flora_of_pakistan,flower shape,0,0,0,0,0,False,False,False,True,[],[],[],[]
lythrum salicaria|efloras.flora_of_pakistan,lythrum salicaria,efloras.flora_of_pakistan,flower colour,0,0,0,0,0,False,False,False,True,[],[],[],[]
lythrum salicaria|efloras.flora_of_pakistan,lythrum salicaria,efloras.flora_of_pakistan,flower orientation,0,0,0,0,0,False,False,False,True,[],[],[],[]
lythrum salicaria|efloras.flora_of_pakistan,lythrum salicaria,efloras.flora_of_pakistan,petal fusion,0,0,0,0,0,False,False,False,True,[],[],[],[]
lythrum salicaria|efloras.flora_of_pakistan,lythrum salicaria,efloras.flora_of_pakistan,petal colour,0,0,0,0,0,False,False,False,True,[],[],[],[]
lythrum salicaria|efloras.flora_of_pakistan,lythrum salicaria,efloras.flora_of_pakistan,petal min. width [cm],1,0,0,1,1,True,True,True,True,"[""0.2""]","[""0.2""]",[],[]
lythrum salicaria|efloras.flora_of_pakistan,lythrum salicaria,efloras.flora_of_pakistan,petal max. width [cm],1,0,0,1,1,True,True,True,True,"[""0.3""]","[""0.3""]",[],[]
lythrum salicaria|efloras.flora_of_pakistan,lythrum salicaria,efloras.flora_of_pakistan,calyx colour,0,0,0,0,0,False,False,False,True,[],[],[],[]
lythrum salicaria|efloras.flora_of_pakistan,lythrum salicaria,efloras.flora_of_pakistan,calyx min. length [cm],0,0,0,0,0,False,False,False,True,[],[],[],[]
lythrum salicaria|efloras.flora_of_pakistan,lythrum salicaria,efloras.flora_of_pakistan,calyx max. length [cm],0,0,0,0,0,False,False,False,True,[],[],[],[]
lythrum salicaria|efloras.flora_of_pakistan,lythrum salicaria,efloras.flora_of_pakistan,corolla colour,0,0,0,0,0,False,False,False,True,[],[],[],[]
lythrum salicaria|efloras.flora_of_pakistan,lythrum salicaria,efloras.flora_of_pakistan,corolla tube min. length [cm],0,0,0,0,0,False,False,False,True,[],[],[],[]
lythrum salicaria|efloras.flora_of_pakistan,lythrum salicaria,efloras.flora_of_pakistan,corolla tube max. length [cm],0,0,0,0,0,False,False,False,True,[],[],[],[]
lythrum salicaria|efloras.flora_of_pakistan,lythrum salicaria,efloras.flora_of_pakistan,corolla tube lipped,0,0,0,0,0,False,False,False,True,[],[],[],[]
lythrum salicaria|efloras.flora_of_pakistan,lythrum salicaria,efloras.flora_of_pakistan,labellum colour,0,0,0,0,0,False,False,False,True,[],[],[],[]
lythrum salicaria|efloras.flora_of_pakistan,lythrum salicaria,efloras.flora_of_pakistan,labellum min. width [cm],0,0,0,0,0,False,False,False,True,[],[],[],[]
lythrum salicaria|efloras.flora_of_pakistan,lythrum salicaria,efloras.flora_of_pakistan,labellum max. width [cm],0,0,0,0,0,False,False,False,True,[],[],[],[]
lythrum salicaria|efloras.flora_of_pakistan,lythrum salicaria,efloras.flora_of_pakistan,spur min. length [cm],0,0,0,0,0,False,False,False,True,[],[],[],[]
lythrum salicaria|efloras.flora_of_pakistan,lythrum salicaria,efloras.flora_of_pakistan,spur max. length [cm],0,0,0,0,0,False,False,False,True,[],[],[],[]
lythrum salicaria|efloras.flora_of_pakistan,lythrum salicaria,efloras.flora_of_pakistan,reproduction architecture,0,0,0,0,0,False,False,False,True,[],[],[],[]
lythrum salicaria|efloras.flora_of_pakistan,lythrum salicaria,efloras.flora_of_pakistan,reproduction system,0,0,0,0,0,False,False,False,True,[],[],[],[]
lythrum salicaria|efloras.flora_of_pakistan,lythrum salicaria,efloras.flora_of_pakistan,stamen number,0,0,0,0,0,False,False,False,True,[],[],[],[]
lythrum salicaria|efloras.flora_of_pakistan,lythrum salicaria,efloras.flora_of_pakistan,stamen arrangement,0,0,0,0,0,False,False,False,True,[],[],[],[]
lythrum salicaria|efloras.flora_of_pakistan,lythrum salicaria,efloras.flora_of_pakistan,stamenoid number,0,0,0,0,0,False,False,False,True,[],[],[],[]
lythrum salicaria|efloras.flora_of_pakistan,lythrum salicaria,efloras.flora_of_pakistan,stamen min. length [cm],0,0,0,0,0,False,False,False,True,[],[],[],[]
lythrum salicaria|efloras.flora_of_pakistan,lythrum salicaria,efloras.flora_of_pakistan,stamen max. length [cm],0,0,0,0,0,False,False,False,True,[],[],[],[]
lythrum salicaria|efloras.flora_of_pakistan,lythrum salicaria,efloras.flora_of_pakistan,staminodium,0,0,0,0,0,False,False,False,True,[],[],[],[]
lythrum salicaria|efloras.flora_of_pakistan,lythrum salicaria,efloras.flora_of_pakistan,pollen colour,0,0,0,0,0,False,False,False,True,[],[],[],[]
lythrum salicaria|efloras.flora_of_pakistan,lythrum salicaria,efloras.flora_of_pakistan,carpel/ovary number,0,0,0,0,0,False,False,False,True,[],[],[],[]
lythrum salicaria|efloras.flora_of_pakistan,lythrum salicaria,efloras.flora_of_pakistan,gynoecium arrangement,0,0,0,0,0,False,False,False,True,[],[],[],[]
lythrum salicaria|efloras.flora_of_pakistan,lythrum salicaria,efloras.flora_of_pakistan,heterostyly,0,0,0,0,0,False,False,False,True,[],[],[],[]
lythrum salicaria|efloras.flora_of_pakistan,lythrum salicaria,efloras.flora_of_pakistan,pollination,0,0,0,0,0,False,False,False,True,[],[],[],[]
lythrum salicaria|efloras.flora_of_pakistan,lythrum salicaria,efloras.flora_of_pakistan,reward,0,0,0,0,0,False,False,False,True,[],[],[],[]
lythrum salicaria|efloras.flora_of_pakistan,lythrum salicaria,efloras.flora_of_pakistan,fruit type,1,0,0,1,1,True,True,True,True,"[""capsule""]","[""capsule""]",[],[]
lythrum salicaria|efloras.flora_of_pakistan,lythrum salicaria,efloras.flora_of_pakistan,fruit structure,0,1,0,0,1,False,True,True,False,[],"[""dry""]","[""dry""]",[]
lythrum salicaria|efloras.flora_of_pakistan,lythrum salicaria,efloras.flora_of_pakistan,fruit dehiscence,0,1,0,0,1,False,True,True,False,[],"[""dehiscent""]","[""dehiscent""]",[]
lythrum salicaria|efloras.flora_of_pakistan,lythrum salicaria,efloras.flora_of_pakistan,fruit shape,0,0,0,0,0,False,False,False,True,[],[],[],[]
lythrum salicaria|efloras.flora_of_pakistan,lythrum salicaria,efloras.flora_of_pakistan,fruit colour,0,0,0,0,0,False,False,False,True,[],[],[],[]
lythrum salicaria|efloras.flora_of_pakistan,lythrum salicaria,efloras.flora_of_pakistan,seed colour,0,0,0,0,0,False,False,False,True,[],[],[],[]
lythrum salicaria|efloras.flora_of_pakistan,lythrum salicaria,efloras.flora_of_pakistan,seeds per fruit min,0,0,0,0,0,False,False,False,True,[],[],[],[]
lythrum salicaria|efloras.flora_of_pakistan,lythrum salicaria,efloras.flora_of_pakistan,seeds per fruit max,0,0,0,0,0,False,False,False,True,[],[],[],[]
lythrum salicaria|efloras.flora_of_pakistan,lythrum salicaria,efloras.flora_of_pakistan,seeds per fruit min.,0,0,0,0,0,False,False,False,True,[],[],[],[]
lythrum salicaria|efloras.flora_of_pakistan,lythrum salicaria,efloras.flora_of_pakistan,seed min. width [mm],0,0,0,0,0,False,False,False,True,[],[],[],[]
lythrum salicaria|efloras.flora_of_pakistan,lythrum salicaria,efloras.flora_of_pakistan,seed max. width [mm],0,0,0,0,0,False,False,False,True,[],[],[],[]
lythrum salicaria|efloras.flora_of_pakistan,lythrum salicaria,efloras.flora_of_pakistan,seed min. length [mm],0,0,0,0,0,False,False,False,True,[],[],[],[]
lythrum salicaria|efloras.flora_of_pakistan,lythrum salicaria,efloras.flora_of_pakistan,seed max. length [mm],0,0,0,0,0,False,False,False,True,[],[],[],[]
lythrum salicaria|efloras.flora_of_pakistan,lythrum salicaria,efloras.flora_of_pakistan,seed min. diameter [mm],0,0,0,0,0,False,False,False,True,[],[],[],[]
lythrum salicaria|efloras.flora_of_pakistan,lythrum salicaria,efloras.flora_of_pakistan,seed max. diameter [mm],0,0,0,0,0,False,False,False,True,[],[],[],[]
lythrum salicaria|efloras.flora_of_pakistan,lythrum salicaria,efloras.flora_of_pakistan,dispersal mode,0,0,0,0,0,False,False,False,True,[],[],[],[]
lythrum salicaria|efloras.flora_of_pakistan,lythrum salicaria,efloras.flora_of_pakistan,ploidy level (2n),0,0,0,0,0,False,False,False,True,[],[],[],[]
lythrum salicaria|efloras.flora_of_pakistan,lythrum salicaria,efloras.flora_of_pakistan,root min. depth [cm],0,0,0,0,0,False,False,False,True,[],[],[],[]
lythrum salicaria|efloras.flora_of_pakistan,lythrum salicaria,efloras.flora_of_pakistan,root max. depth [cm],0,0,0,0,0,False,False,False,True,[],[],[],[]
phalaris arundinacea|ecoflora,phalaris arundinacea,ecoflora,life form,1,0,0,1,1,True,True,True,True,"[""perennial""]","[""perennial""]",[],[]
phalaris arundinacea|ecoflora,phalaris arundinacea,ecoflora,habitat,1,0,0,1,1,True,True,True,True,"[""terrestrial""]","[""terrestrial""]",[],[]
phalaris arundinacea|ecoflora,phalaris arundinacea,ecoflora,habit,2,0,0,2,2,True,True,True,True,"[""erect leafy/tussock"", ""scrambler""]","[""erect leafy/tussock"", ""scrambler""]",[],[]
phalaris arundinacea|ecoflora,phalaris arundinacea,ecoflora,clonality,2,0,0,2,2,True,True,True,True,"[""rhizome"", ""stoloniferous""]","[""rhizome"", ""stoloniferous""]",[],[]
phalaris arundinacea|ecoflora,phalaris arundinacea,ecoflora,perennial organ,2,0,0,2,2,True,True,True,True,"[""rhizome"", ""stolon""]","[""rhizome"", ""stolon""]",[],[]
phalaris arundinacea|ecoflora,phalaris arundinacea,ecoflora,plant min. height [m],1,0,0,1,1,True,True,True,True,"[""0.6""]","[""0.6""]",[],[]
phalaris arundinacea|ecoflora,phalaris arundinacea,ecoflora,plant max. height [m],1,0,0,1,1,True,True,True,True,"[""2.0""]","[""2.0""]",[],[]
phalaris arundinacea|ecoflora,phalaris arundinacea,ecoflora,indumentum,1,0,0,1,1,True,True,True,True,"[""glabrous""]","[""glabrous""]",[],[]
phalaris arundinacea|ecoflora,phalaris arundinacea,ecoflora,spinescence,0,0,0,0,0,False,False,False,True,[],[],[],[]
phalaris arundinacea|ecoflora,phalaris arundinacea,ecoflora,succulence,0,0,0,0,0,False,False,False,True,[],[],[],[]
phalaris arundinacea|ecoflora,phalaris arundinacea,ecoflora,leaf arrangement,0,0,0,0,0,False,False,False,True,[],[],[],[]
phalaris arundinacea|ecoflora,phalaris arundinacea,ecoflora,leaf architecture,1,0,0,1,1,True,True,True,True,"[""flat""]","[""flat""]",[],[]
phalaris arundinacea|ecoflora,phalaris arundinacea,ecoflora,leaf position,0,0,0,0,0,False,False,False,True,[],[],[],[]
phalaris arundinacea|ecoflora,phalaris arundinacea,ecoflora,leaf shape,0,0,0,0,0,False,False,False,True,[],[],[],[]
phalaris arundinacea|ecoflora,phalaris arundinacea,ecoflora,leaf apex,0,0,0,0,0,False,False,False,True,[],[],[],[]
phalaris arundinacea|ecoflora,phalaris arundinacea,ecoflora,leaf base,0,0,0,0,0,False,False,False,True,[],[],[],[]
phalaris arundinacea|ecoflora,phalaris arundinacea,ecoflora,leaf margin,0,0,0,0,0,False,False,False,True,[],[],[],[]
phalaris arundinacea|ecoflora,phalaris arundinacea,ecoflora,leaf min. width [cm],0,0,1,1,0,True,False,True,False,"[""1.0""]",[],[],"[""1.0""]"
phalaris arundinacea|ecoflora,phalaris arundinacea,ecoflora,leaf max. width [cm],0,0,1,1,0,True,False,True,False,"[""4.0""]",[],[],"[""4.0""]"
phalaris arundinacea|ecoflora,phalaris arundinacea,ecoflora,leaf min. length [cm],0,0,1,1,0,True,False,True,False,"[""10.0""]",[],[],"[""10.0""]"
phalaris arundinacea|ecoflora,phalaris arundinacea,ecoflora,leaf max. length [cm],0,0,1,1,0,True,False,True,False,"[""35.0""]",[],[],"[""35.0""]"
phalaris arundinacea|ecoflora,phalaris arundinacea,ecoflora,bract colour,0,0,0,0,0,False,False,False,True,[],[],[],[]
phalaris arundinacea|ecoflora,phalaris arundinacea,ecoflora,bracteole colour,0,0,0,0,0,False,False,False,True,[],[],[],[]
phalaris arundinacea|ecoflora,phalaris arundinacea,ecoflora,inflorescence arrangement,0,0,2,2,0,True,False,True,False,"[""panicle"", ""spikelet""]",[],[],"[""panicle"", ""spikelet""]"
phalaris arundinacea|ecoflora,phalaris arundinacea,ecoflora,inflorescence orientation,0,0,0,0,0,False,False,False,True,[],[],[],[]
phalaris arundinacea|ecoflora,phalaris arundinacea,ecoflora,flower sex,0,0,0,0,0,False,False,False,True,[],[],[],[]
phalaris arundinacea|ecoflora,phalaris arundinacea,ecoflora,flower architecture,0,0,0,0,0,False,False,False,True,[],[],[],[]
phalaris arundinacea|ecoflora,phalaris arundinacea,ecoflora,flower merosity,0,0,0,0,0,False,False,False,True,[],[],[],[]
phalaris arundinacea|ecoflora,phalaris arundinacea,ecoflora,flower symmetry,0,0,0,0,0,False,False,False,True,[],[],[],[]
phalaris arundinacea|ecoflora,phalaris arundinacea,ecoflora,flower shape,0,0,0,0,0,False,False,False,True,[],[],[],[]
phalaris arundinacea|ecoflora,phalaris arundinacea,ecoflora,flower colour,0,0,0,0,0,False,False,False,True,[],[],[],[]
phalaris arundinacea|ecoflora,phalaris arundinacea,ecoflora,flower orientation,0,0,0,0,0,False,False,False,True,[],[],[],[]
phalaris arundinacea|ecoflora,phalaris arundinacea,ecoflora,petal fusion,0,0,0,0,0,False,False,False,True,[],[],[],[]
phalaris arundinacea|ecoflora,phalaris arundinacea,ecoflora,petal colour,0,0,0,0,0,False,False,False,True,[],[],[],[]
phalaris arundinacea|ecoflora,phalaris arundinacea,ecoflora,petal min. width [cm],0,0,0,0,0,False,False,False,True,[],[],[],[]
phalaris arundinacea|ecoflora,phalaris arundinacea,ecoflora,petal max. width [cm],0,0,0,0,0,False,False,False,True,[],[],[],[]
phalaris arundinacea|ecoflora,phalaris arundinacea,ecoflora,calyx colour,0,0,0,0,0,False,False,False,True,[],[],[],[]
phalaris arundinacea|ecoflora,phalaris arundinacea,ecoflora,calyx min. length [cm],0,0,0,0,0,False,False,False,True,[],[],[],[]
phalaris arundinacea|ecoflora,phalaris arundinacea,ecoflora,calyx max. length [cm],0,0,0,0,0,False,False,False,True,[],[],[],[]
phalaris arundinacea|ecoflora,phalaris arundinacea,ecoflora,corolla colour,0,0,0,0,0,False,False,False,True,[],[],[],[]
phalaris arundinacea|ecoflora,phalaris arundinacea,ecoflora,corolla tube min. length [cm],0,0,0,0,0,False,False,False,True,[],[],[],[]
phalaris arundinacea|ecoflora,phalaris arundinacea,ecoflora,corolla tube max. length [cm],0,0,0,0,0,False,False,False,True,[],[],[],[]
phalaris arundinacea|ecoflora,phalaris arundinacea,ecoflora,corolla tube lipped,0,0,0,0,0,False,False,False,True,[],[],[],[]
phalaris arundinacea|ecoflora,phalaris arundinacea,ecoflora,labellum colour,0,0,0,0,0,False,False,False,True,[],[],[],[]
phalaris arundinacea|ecoflora,phalaris arundinacea,ecoflora,labellum min. width [cm],0,0,0,0,0,False,False,False,True,[],[],[],[]
phalaris arundinacea|ecoflora,phalaris arundinacea,ecoflora,labellum max. width [cm],0,0,0,0,0,False,False,False,True,[],[],[],[]
phalaris arundinacea|ecoflora,phalaris arundinacea,ecoflora,spur min. length [cm],0,0,0,0,0,False,False,False,True,[],[],[],[]
phalaris arundinacea|ecoflora,phalaris arundinacea,ecoflora,spur max. length [cm],0,0,0,0,0,False,False,False,True,[],[],[],[]
phalaris arundinacea|ecoflora,phalaris arundinacea,ecoflora,reproduction architecture,0,0,0,0,0,False,False,False,True,[],[],[],[]
phalaris arundinacea|ecoflora,phalaris arundinacea,ecoflora,reproduction system,0,0,0,0,0,False,False,False,True,[],[],[],[]
phalaris arundinacea|ecoflora,phalaris arundinacea,ecoflora,stamen number,0,0,0,0,0,False,False,False,True,[],[],[],[]
phalaris arundinacea|ecoflora,phalaris arundinacea,ecoflora,stamen arrangement,0,0,0,0,0,False,False,False,True,[],[],[],[]
phalaris arundinacea|ecoflora,phalaris arundinacea,ecoflora,stamenoid number,0,0,0,0,0,False,False,False,True,[],[],[],[]
phalaris arundinacea|ecoflora,phalaris arundinacea,ecoflora,stamen min. length [cm],0,0,0,0,0,False,False,False,True,[],[],[],[]
phalaris arundinacea|ecoflora,phalaris arundinacea,ecoflora,stamen max. length [cm],0,0,0,0,0,False,False,False,True,[],[],[],[]
phalaris arundinacea|ecoflora,phalaris arundinacea,ecoflora,staminodium,0,0,0,0,0,False,False,False,True,[],[],[],[]
phalaris arundinacea|ecoflora,phalaris arundinacea,ecoflora,pollen colour,0,0,0,0,0,False,False,False,True,[],[],[],[]
phalaris arundinacea|ecoflora,phalaris arundinacea,ecoflora,carpel/ovary number,0,0,0,0,0,False,False,False,True,[],[],[],[]
phalaris arundinacea|ecoflora,phalaris arundinacea,ecoflora,gynoecium arrangement,0,0,0,0,0,False,False,False,True,[],[],[],[]
phalaris arundinacea|ecoflora,phalaris arundinacea,ecoflora,heterostyly,0,0,0,0,0,False,False,False,True,[],[],[],[]
phalaris arundinacea|ecoflora,phalaris arundinacea,ecoflora,pollination,0,0,0,0,0,False,False,False,True,[],[],[],[]
phalaris arundinacea|ecoflora,phalaris arundinacea,ecoflora,reward,0,0,0,0,0,False,False,False,True,[],[],[],[]
phalaris arundinacea|ecoflora,phalaris arundinacea,ecoflora,fruit type,0,0,0,0,0,False,False,False,True,[],[],[],[]
phalaris arundinacea|ecoflora,phalaris arundinacea,ecoflora,fruit structure,0,0,0,0,0,False,False,False,True,[],[],[],[]
phalaris arundinacea|ecoflora,phalaris arundinacea,ecoflora,fruit dehiscence,0,0,0,0,0,False,False,False,True,[],[],[],[]
phalaris arundinacea|ecoflora,phalaris arundinacea,ecoflora,fruit shape,0,0,0,0,0,False,False,False,True,[],[],[],[]
phalaris arundinacea|ecoflora,phalaris arundinacea,ecoflora,fruit colour,0,0,0,0,0,False,False,False,True,[],[],[],[]
phalaris arundinacea|ecoflora,phalaris arundinacea,ecoflora,seed colour,0,0,0,0,0,False,False,False,True,[],[],[],[]
phalaris arundinacea|ecoflora,phalaris arundinacea,ecoflora,seeds per fruit min,0,0,0,0,0,False,False,False,True,[],[],[],[]
phalaris arundinacea|ecoflora,phalaris arundinacea,ecoflora,seeds per fruit max,0,0,0,0,0,False,False,False,True,[],[],[],[]
phalaris arundinacea|ecoflora,phalaris arundinacea,ecoflora,seeds per fruit min.,0,0,0,0,0,False,False,False,True,[],[],[],[]
phalaris arundinacea|ecoflora,phalaris arundinacea,ecoflora,seed min. width [mm],0,0,0,0,0,False,False,False,True,[],[],[],[]
phalaris arundinacea|ecoflora,phalaris arundinacea,ecoflora,seed max. width [mm],0,0,0,0,0,False,False,False,True,[],[],[],[]
phalaris arundinacea|ecoflora,phalaris arundinacea,ecoflora,seed min. length [mm],0,0,0,0,0,False,False,False,True,[],[],[],[]
phalaris arundinacea|ecoflora,phalaris arundinacea,ecoflora,seed max. length [mm],0,0,0,0,0,False,False,False,True,[],[],[],[]
phalaris arundinacea|ecoflora,phalaris arundinacea,ecoflora,seed min. diameter [mm],0,0,0,0,0,False,False,False,True,[],[],[],[]
phalaris arundinacea|ecoflora,phalaris arundinacea,ecoflora,seed max. diameter [mm],0,0,0,0,0,False,False,False,True,[],[],[],[]
phalaris arundinacea|ecoflora,phalaris arundinacea,ecoflora,dispersal mode,0,0,0,0,0,False,False,False,True,[],[],[],[]
phalaris arundinacea|ecoflora,phalaris arundinacea,ecoflora,ploidy level (2n),0,0,0,0,0,False,False,False,True,[],[],[],[]
phalaris arundinacea|ecoflora,phalaris arundinacea,ecoflora,root min. depth [cm],0,0,0,0,0,False,False,False,True,[],[],[],[]
phalaris arundinacea|ecoflora,phalaris arundinacea,ecoflora,root max. depth [cm],0,0,0,0,0,False,False,False,True,[],[],[],[]
rumex acetosa|efloras.flora_of_china,rumex acetosa,efloras.flora_of_china,life form,1,0,0,1,1,True,True,True,True,"[""perennial""]","[""perennial""]",[],[]
rumex acetosa|efloras.flora_of_china,rumex acetosa,efloras.flora_of_china,habitat,1,0,0,1,1,True,True,True,True,"[""terrestrial""]","[""terrestrial""]",[],[]
rumex acetosa|efloras.flora_of_china,rumex acetosa,efloras.flora_of_china,habit,3,0,0,3,3,True,True,True,True,"[""erect leafy"", ""geoxylices"", ""herb""]","[""erect leafy"", ""geoxylices"", ""herb""]",[],[]
rumex acetosa|efloras.flora_of_china,rumex acetosa,efloras.flora_of_china,clonality,1,0,0,1,1,True,True,True,True,"[""solitary plant""]","[""solitary plant""]",[],[]
rumex acetosa|efloras.flora_of_china,rumex acetosa,efloras.flora_of_china,perennial organ,2,0,0,2,2,True,True,True,True,"[""rootstock"", ""stem""]","[""rootstock"", ""stem""]",[],[]
rumex acetosa|efloras.flora_of_china,rumex acetosa,efloras.flora_of_china,plant min. height [m],0,0,0,0,0,False,False,False,True,[],[],[],[]
rumex acetosa|efloras.flora_of_china,rumex acetosa,efloras.flora_of_china,plant max. height [m],0,0,0,0,0,False,False,False,True,[],[],[],[]
rumex acetosa|efloras.flora_of_china,rumex acetosa,efloras.flora_of_china,indumentum,0,0,1,1,0,True,False,True,False,"[""glabrous""]",[],[],"[""glabrous""]"
rumex acetosa|efloras.flora_of_china,rumex acetosa,efloras.flora_of_china,spinescence,0,0,0,0,0,False,False,False,True,[],[],[],[]
rumex acetosa|efloras.flora_of_china,rumex acetosa,efloras.flora_of_china,succulence,0,0,0,0,0,False,False,False,True,[],[],[],[]
rumex acetosa|efloras.flora_of_china,rumex acetosa,efloras.flora_of_china,leaf arrangement,0,0,0,0,0,False,False,False,True,[],[],[],[]
rumex acetosa|efloras.flora_of_china,rumex acetosa,efloras.flora_of_china,leaf architecture,0,0,1,1,0,True,False,True,False,"[""flat""]",[],[],"[""flat""]"
rumex acetosa|efloras.flora_of_china,rumex acetosa,efloras.flora_of_china,leaf position,0,0,0,0,0,False,False,False,True,[],[],[],[]
rumex acetosa|efloras.flora_of_china,rumex acetosa,efloras.flora_of_china,leaf shape,3,0,0,3,3,True,True,True,True,"[""lanceolate"", ""ovate"", ""sagittate""]","[""lanceolate"", ""ovate"", ""sagittate""]",[],[]
rumex acetosa|efloras.flora_of_china,rumex acetosa,efloras.flora_of_china,leaf apex,2,1,0,2,3,True,True,True,False,"[""acute"", ""attenuate""]","[""acute"", ""attenuate"", ""lanceolate""]","[""lanceolate""]",[]
rumex acetosa|efloras.flora_of_china,rumex acetosa,efloras.flora_of_china,leaf base,1,0,0,1,1,True,True,True,True,"[""sagittate""]","[""sagittate""]",[],[]
rumex acetosa|efloras.flora_of_china,rumex acetosa,efloras.flora_of_china,leaf margin,1,0,0,1,1,True,True,True,True,"[""entire""]","[""entire""]",[],[]
rumex acetosa|efloras.flora_of_china,rumex acetosa,efloras.flora_of_china,leaf min. width [cm],1,0,0,1,1,True,True,True,True,"[""2.0""]","[""2.0""]",[],[]
rumex acetosa|efloras.flora_of_china,rumex acetosa,efloras.flora_of_china,leaf max. width [cm],1,0,0,1,1,True,True,True,True,"[""4.0""]","[""4.0""]",[],[]
rumex acetosa|efloras.flora_of_china,rumex acetosa,efloras.flora_of_china,leaf min. length [cm],1,0,0,1,1,True,True,True,True,"[""3.0""]","[""3.0""]",[],[]
rumex acetosa|efloras.flora_of_china,rumex acetosa,efloras.flora_of_china,leaf max. length [cm],1,0,0,1,1,True,True,True,True,"[""12.0""]","[""12.0""]",[],[]
rumex acetosa|efloras.flora_of_china,rumex acetosa,efloras.flora_of_china,bract colour,0,0,0,0,0,False,False,False,True,[],[],[],[]
rumex acetosa|efloras.flora_of_china,rumex acetosa,efloras.flora_of_china,bracteole colour,0,0,0,0,0,False,False,False,True,[],[],[],[]
rumex acetosa|efloras.flora_of_china,rumex acetosa,efloras.flora_of_china,inflorescence arrangement,1,0,0,1,1,True,True,True,True,"[""panicle""]","[""panicle""]",[],[]
rumex acetosa|efloras.flora_of_china,rumex acetosa,efloras.flora_of_china,inflorescence orientation,1,0,0,1,1,True,True,True,True,"[""erect""]","[""erect""]",[],[]
rumex acetosa|efloras.flora_of_china,rumex acetosa,efloras.flora_of_china,flower sex,1,0,0,1,1,True,True,True,True,"[""unisexual""]","[""unisexual""]",[],[]
rumex acetosa|efloras.flora_of_china,rumex acetosa,efloras.flora_of_china,flower architecture,1,0,0,1,1,True,True,True,True,"[""tepals""]","[""tepals""]",[],[]
rumex acetosa|efloras.flora_of_china,rumex acetosa,efloras.flora_of_china,flower merosity,0,0,0,0,0,False,False,False,True,[],[],[],[]
rumex acetosa|efloras.flora_of_china,rumex acetosa,efloras.flora_of_china,flower symmetry,0,0,0,0,0,False,False,False,True,[],[],[],[]
rumex acetosa|efloras.flora_of_china,rumex acetosa,efloras.flora_of_china,flower shape,0,0,0,0,0,False,False,False,True,[],[],[],[]
rumex acetosa|efloras.flora_of_china,rumex acetosa,efloras.flora_of_china,flower colour,0,0,0,0,0,False,False,False,True,[],[],[],[]
rumex acetosa|efloras.flora_of_china,rumex acetosa,efloras.flora_of_china,flower orientation,1,0,0,1,1,True,True,True,True,"[""erect""]","[""erect""]",[],[]
rumex acetosa|efloras.flora_of_china,rumex acetosa,efloras.flora_of_china,petal fusion,0,0,0,0,0,False,False,False,True,[],[],[],[]
rumex acetosa|efloras.flora_of_china,rumex acetosa,efloras.flora_of_china,petal colour,0,0,0,0,0,False,False,False,True,[],[],[],[]
rumex acetosa|efloras.flora_of_china,rumex acetosa,efloras.flora_of_china,petal min. width [cm],0,0,0,0,0,False,False,False,True,[],[],[],[]
rumex acetosa|efloras.flora_of_china,rumex acetosa,efloras.flora_of_china,petal max. width [cm],0,0,0,0,0,False,False,False,True,[],[],[],[]
rumex acetosa|efloras.flora_of_china,rumex acetosa,efloras.flora_of_china,calyx colour,0,0,0,0,0,False,False,False,True,[],[],[],[]
rumex acetosa|efloras.flora_of_china,rumex acetosa,efloras.flora_of_china,calyx min. length [cm],0,0,0,0,0,False,False,False,True,[],[],[],[]
rumex acetosa|efloras.flora_of_china,rumex acetosa,efloras.flora_of_china,calyx max. length [cm],0,0,0,0,0,False,False,False,True,[],[],[],[]
rumex acetosa|efloras.flora_of_china,rumex acetosa,efloras.flora_of_china,corolla colour,0,0,0,0,0,False,False,False,True,[],[],[],[]
rumex acetosa|efloras.flora_of_china,rumex acetosa,efloras.flora_of_china,corolla tube min. length [cm],0,0,0,0,0,False,False,False,True,[],[],[],[]
rumex acetosa|efloras.flora_of_china,rumex acetosa,efloras.flora_of_china,corolla tube max. length [cm],0,0,0,0,0,False,False,False,True,[],[],[],[]
rumex acetosa|efloras.flora_of_china,rumex acetosa,efloras.flora_of_china,corolla tube lipped,0,0,0,0,0,False,False,False,True,[],[],[],[]
rumex acetosa|efloras.flora_of_china,rumex acetosa,efloras.flora_of_china,labellum colour,0,0,0,0,0,False,False,False,True,[],[],[],[]
rumex acetosa|efloras.flora_of_china,rumex acetosa,efloras.flora_of_china,labellum min. width [cm],0,0,0,0,0,False,False,False,True,[],[],[],[]
rumex acetosa|efloras.flora_of_china,rumex acetosa,efloras.flora_of_china,labellum max. width [cm],0,0,0,0,0,False,False,False,True,[],[],[],[]
rumex acetosa|efloras.flora_of_china,rumex acetosa,efloras.flora_of_china,spur min. length [cm],0,0,0,0,0,False,False,False,True,[],[],[],[]
rumex acetosa|efloras.flora_of_china,rumex acetosa,efloras.flora_of_china,spur max. length [cm],0,0,0,0,0,False,False,False,True,[],[],[],[]
rumex acetosa|efloras.flora_of_china,rumex acetosa,efloras.flora_of_china,reproduction architecture,0,0,0,0,0,False,False,False,True,[],[],[],[]
rumex acetosa|efloras.flora_of_china,rumex acetosa,efloras.flora_of_china,reproduction system,2,0,0,2,2,True,True,True,True,"[""dioecious"", ""dioicous""]","[""dioecious"", ""dioicous""]",[],[]
rumex acetosa|efloras.flora_of_china,rumex acetosa,efloras.flora_of_china,stamen number,0,0,0,0,0,False,False,False,True,[],[],[],[]
rumex acetosa|efloras.flora_of_china,rumex acetosa,efloras.flora_of_china,stamen arrangement,0,0,0,0,0,False,False,False,True,[],[],[],[]
rumex acetosa|efloras.flora_of_china,rumex acetosa,efloras.flora_of_china,stamenoid number,0,0,0,0,0,False,False,False,True,[],[],[],[]
rumex acetosa|efloras.flora_of_china,rumex acetosa,efloras.flora_of_china,stamen min. length [cm],0,0,0,0,0,False,False,False,True,[],[],[],[]
rumex acetosa|efloras.flora_of_china,rumex acetosa,efloras.flora_of_china,stamen max. length [cm],0,0,0,0,0,False,False,False,True,[],[],[],[]
rumex acetosa|efloras.flora_of_china,rumex acetosa,efloras.flora_of_china,staminodium,0,0,0,0,0,False,False,False,True,[],[],[],[]
rumex acetosa|efloras.flora_of_china,rumex acetosa,efloras.flora_of_china,pollen colour,0,0,0,0,0,False,False,False,True,[],[],[],[]
rumex acetosa|efloras.flora_of_china,rumex acetosa,efloras.flora_of_china,carpel/ovary number,0,0,0,0,0,False,False,False,True,[],[],[],[]
rumex acetosa|efloras.flora_of_china,rumex acetosa,efloras.flora_of_china,gynoecium arrangement,0,0,0,0,0,False,False,False,True,[],[],[],[]
rumex acetosa|efloras.flora_of_china,rumex acetosa,efloras.flora_of_china,heterostyly,0,0,0,0,0,False,False,False,True,[],[],[],[]
rumex acetosa|efloras.flora_of_china,rumex acetosa,efloras.flora_of_china,pollination,0,0,0,0,0,False,False,False,True,[],[],[],[]
rumex acetosa|efloras.flora_of_china,rumex acetosa,efloras.flora_of_china,reward,0,0,0,0,0,False,False,False,True,[],[],[],[]
rumex acetosa|efloras.flora_of_china,rumex acetosa,efloras.flora_of_china,fruit type,0,0,1,1,0,True,False,True,False,"[""achene""]",[],[],"[""achene""]"
rumex acetosa|efloras.flora_of_china,rumex acetosa,efloras.flora_of_china,fruit structure,0,0,0,0,0,False,False,False,True,[],[],[],[]
rumex acetosa|efloras.flora_of_china,rumex acetosa,efloras.flora_of_china,fruit dehiscence,0,0,0,0,0,False,False,False,True,[],[],[],[]
rumex acetosa|efloras.flora_of_china,rumex acetosa,efloras.flora_of_china,fruit shape,0,0,1,1,0,True,False,True,False,"[""ellipsoid""]",[],[],"[""ellipsoid""]"
rumex acetosa|efloras.flora_of_china,rumex acetosa,efloras.flora_of_china,fruit colour,0,0,2,2,0,True,False,True,False,"[""black"", ""brown""]",[],[],"[""black"", ""brown""]"
rumex acetosa|efloras.flora_of_china,rumex acetosa,efloras.flora_of_china,seed colour,0,2,0,0,2,False,True,True,False,[],"[""black"", ""brown""]","[""black"", ""brown""]",[]
rumex acetosa|efloras.flora_of_china,rumex acetosa,efloras.flora_of_china,seeds per fruit min,0,0,0,0,0,False,False,False,True,[],[],[],[]
rumex acetosa|efloras.flora_of_china,rumex acetosa,efloras.flora_of_china,seeds per fruit max,0,0,0,0,0,False,False,False,True,[],[],[],[]
rumex acetosa|efloras.flora_of_china,rumex acetosa,efloras.flora_of_china,seeds per fruit min.,0,0,0,0,0,False,False,False,True,[],[],[],[]
rumex acetosa|efloras.flora_of_china,rumex acetosa,efloras.flora_of_china,seed min. width [mm],0,0,0,0,0,False,False,False,True,[],[],[],[]
rumex acetosa|efloras.flora_of_china,rumex acetosa,efloras.flora_of_china,seed max. width [mm],0,0,0,0,0,False,False,False,True,[],[],[],[]
rumex acetosa|efloras.flora_of_china,rumex acetosa,efloras.flora_of_china,seed min. length [mm],1,0,0,1,1,True,True,True,True,"[""2.0""]","[""2.0""]",[],[]
rumex acetosa|efloras.flora_of_china,rumex acetosa,efloras.flora_of_china,seed max. length [mm],1,0,0,1,1,True,True,True,True,"[""2.0""]","[""2.0""]",[],[]
rumex acetosa|efloras.flora_of_china,rumex acetosa,efloras.flora_of_china,seed min. diameter [mm],0,0,0,0,0,False,False,False,True,[],[],[],[]
rumex acetosa|efloras.flora_of_china,rumex acetosa,efloras.flora_of_china,seed max. diameter [mm],0,0,0,0,0,False,False,False,True,[],[],[],[]
rumex acetosa|efloras.flora_of_china,rumex acetosa,efloras.flora_of_china,dispersal mode,0,0,0,0,0,False,False,False,True,[],[],[],[]
rumex acetosa|efloras.flora_of_china,rumex acetosa,efloras.flora_of_china,ploidy level (2n),1,0,0,1,1,True,True,True,True,"[""14""]","[""14""]",[],[]
rumex acetosa|efloras.flora_of_china,rumex acetosa,efloras.flora_of_china,root min. depth [cm],0,0,0,0,0,False,False,False,True,[],[],[],[]
rumex acetosa|efloras.flora_of_china,rumex acetosa,efloras.flora_of_china,root max. depth [cm],0,0,0,0,0,False,False,False,True,[],[],[],[]
rumex conglomeratus|bhl|46694846.0,rumex conglomeratus,bhl,life form,0,0,0,0,0,False,False,False,True,[],[],[],[]
rumex conglomeratus|bhl|46694846.0,rumex conglomeratus,bhl,habitat,0,0,0,0,0,False,False,False,True,[],[],[],[]
rumex conglomeratus|bhl|46694846.0,rumex conglomeratus,bhl,habit,0,0,0,0,0,False,False,False,True,[],[],[],[]
rumex conglomeratus|bhl|46694846.0,rumex conglomeratus,bhl,clonality,0,0,0,0,0,False,False,False,True,[],[],[],[]
rumex conglomeratus|bhl|46694846.0,rumex conglomeratus,bhl,perennial organ,0,0,0,0,0,False,False,False,True,[],[],[],[]
rumex conglomeratus|bhl|46694846.0,rumex conglomeratus,bhl,plant min. height [m],1,0,0,1,1,True,True,True,True,"[""0.025""]","[""0.025""]",[],[]
rumex conglomeratus|bhl|46694846.0,rumex conglomeratus,bhl,plant max. height [m],1,0,0,1,1,True,True,True,True,"[""0.05""]","[""0.05""]",[],[]
rumex conglomeratus|bhl|46694846.0,rumex conglomeratus,bhl,indumentum,0,0,0,0,0,False,False,False,True,[],[],[],[]
rumex conglomeratus|bhl|46694846.0,rumex conglomeratus,bhl,spinescence,0,0,0,0,0,False,False,False,True,[],[],[],[]
rumex conglomeratus|bhl|46694846.0,rumex conglomeratus,bhl,succulence,0,0,0,0,0,False,False,False,True,[],[],[],[]
rumex conglomeratus|bhl|46694846.0,rumex conglomeratus,bhl,leaf arrangement,0,0,0,0,0,False,False,False,True,[],[],[],[]
rumex conglomeratus|bhl|46694846.0,rumex conglomeratus,bhl,leaf architecture,0,0,0,0,0,False,False,False,True,[],[],[],[]
rumex conglomeratus|bhl|46694846.0,rumex conglomeratus,bhl,leaf position,0,0,0,0,0,False,False,False,True,[],[],[],[]
rumex conglomeratus|bhl|46694846.0,rumex conglomeratus,bhl,leaf shape,2,0,0,2,2,True,True,True,True,"[""oblong"", ""ovate""]","[""oblong"", ""ovate""]",[],[]
rumex conglomeratus|bhl|46694846.0,rumex conglomeratus,bhl,leaf apex,1,2,0,1,3,True,True,True,False,"[""acute""]","[""acute"", ""attenuate"", ""truncate""]","[""attenuate"", ""truncate""]",[]
rumex conglomeratus|bhl|46694846.0,rumex conglomeratus,bhl,leaf base,2,0,0,2,2,True,True,True,True,"[""attenuate"", ""truncate""]","[""attenuate"", ""truncate""]",[],[]
rumex conglomeratus|bhl|46694846.0,rumex conglomeratus,bhl,leaf margin,0,0,0,0,0,False,False,False,True,[],[],[],[]
rumex conglomeratus|bhl|46694846.0,rumex conglomeratus,bhl,leaf min. width [cm],1,0,0,1,1,True,True,True,True,"[""2.0""]","[""2.0""]",[],[]
rumex conglomeratus|bhl|46694846.0,rumex conglomeratus,bhl,leaf max. width [cm],1,0,0,1,1,True,True,True,True,"[""4.0""]","[""4.0""]",[],[]
rumex conglomeratus|bhl|46694846.0,rumex conglomeratus,bhl,leaf min. length [cm],1,0,0,1,1,True,True,True,True,"[""6.0""]","[""6.0""]",[],[]
rumex conglomeratus|bhl|46694846.0,rumex conglomeratus,bhl,leaf max. length [cm],1,0,0,1,1,True,True,True,True,"[""12.0""]","[""12.0""]",[],[]
rumex conglomeratus|bhl|46694846.0,rumex conglomeratus,bhl,bract colour,0,0,0,0,0,False,False,False,True,[],[],[],[]
rumex conglomeratus|bhl|46694846.0,rumex conglomeratus,bhl,bracteole colour,0,0,0,0,0,False,False,False,True,[],[],[],[]
rumex conglomeratus|bhl|46694846.0,rumex conglomeratus,bhl,inflorescence arrangement,0,0,2,2,0,True,False,True,False,"[""clustered"", ""panicle""]",[],[],"[""clustered"", ""panicle""]"
rumex conglomeratus|bhl|46694846.0,rumex conglomeratus,bhl,inflorescence orientation,0,0,0,0,0,False,False,False,True,[],[],[],[]
rumex conglomeratus|bhl|46694846.0,rumex conglomeratus,bhl,flower sex,0,0,0,0,0,False,False,False,True,[],[],[],[]
rumex conglomeratus|bhl|46694846.0,rumex conglomeratus,bhl,flower architecture,0,0,0,0,0,False,False,False,True,[],[],[],[]
rumex conglomeratus|bhl|46694846.0,rumex conglomeratus,bhl,flower merosity,0,0,0,0,0,False,False,False,True,[],[],[],[]
rumex conglomeratus|bhl|46694846.0,rumex conglomeratus,bhl,flower symmetry,0,0,0,0,0,False,False,False,True,[],[],[],[]
rumex conglomeratus|bhl|46694846.0,rumex conglomeratus,bhl,flower shape,0,0,0,0,0,False,False,False,True,[],[],[],[]
rumex conglomeratus|bhl|46694846.0,rumex conglomeratus,bhl,flower colour,0,0,0,0,0,False,False,False,True,[],[],[],[]
rumex conglomeratus|bhl|46694846.0,rumex conglomeratus,bhl,flower orientation,0,0,0,0,0,False,False,False,True,[],[],[],[]
rumex conglomeratus|bhl|46694846.0,rumex conglomeratus,bhl,petal fusion,0,0,0,0,0,False,False,False,True,[],[],[],[]
rumex conglomeratus|bhl|46694846.0,rumex conglomeratus,bhl,petal colour,0,0,0,0,0,False,False,False,True,[],[],[],[]
rumex conglomeratus|bhl|46694846.0,rumex conglomeratus,bhl,petal min. width [cm],0,0,0,0,0,False,False,False,True,[],[],[],[]
rumex conglomeratus|bhl|46694846.0,rumex conglomeratus,bhl,petal max. width [cm],0,0,0,0,0,False,False,False,True,[],[],[],[]
rumex conglomeratus|bhl|46694846.0,rumex conglomeratus,bhl,calyx colour,0,0,0,0,0,False,False,False,True,[],[],[],[]
rumex conglomeratus|bhl|46694846.0,rumex conglomeratus,bhl,calyx min. length [cm],0,0,0,0,0,False,False,False,True,[],[],[],[]
rumex conglomeratus|bhl|46694846.0,rumex conglomeratus,bhl,calyx max. length [cm],0,0,0,0,0,False,False,False,True,[],[],[],[]
rumex conglomeratus|bhl|46694846.0,rumex conglomeratus,bhl,corolla colour,0,0,0,0,0,False,False,False,True,[],[],[],[]
rumex conglomeratus|bhl|46694846.0,rumex conglomeratus,bhl,corolla tube min. length [cm],0,0,0,0,0,False,False,False,True,[],[],[],[]
rumex conglomeratus|bhl|46694846.0,rumex conglomeratus,bhl,corolla tube max. length [cm],0,0,0,0,0,False,False,False,True,[],[],[],[]
rumex conglomeratus|bhl|46694846.0,rumex conglomeratus,bhl,corolla tube lipped,0,0,0,0,0,False,False,False,True,[],[],[],[]
rumex conglomeratus|bhl|46694846.0,rumex conglomeratus,bhl,labellum colour,0,0,0,0,0,False,False,False,True,[],[],[],[]
rumex conglomeratus|bhl|46694846.0,rumex conglomeratus,bhl,labellum min. width [cm],0,0,0,0,0,False,False,False,True,[],[],[],[]
rumex conglomeratus|bhl|46694846.0,rumex conglomeratus,bhl,labellum max. width [cm],0,0,0,0,0,False,False,False,True,[],[],[],[]
rumex conglomeratus|bhl|46694846.0,rumex conglomeratus,bhl,spur min. length [cm],0,0,0,0,0,False,False,False,True,[],[],[],[]
rumex conglomeratus|bhl|46694846.0,rumex conglomeratus,bhl,spur max. length [cm],0,0,0,0,0,False,False,False,True,[],[],[],[]
rumex conglomeratus|bhl|46694846.0,rumex conglomeratus,bhl,reproduction architecture,0,0,0,0,0,False,False,False,True,[],[],[],[]
rumex conglomeratus|bhl|46694846.0,rumex conglomeratus,bhl,reproduction system,0,0,0,0,0,False,False,False,True,[],[],[],[]
rumex conglomeratus|bhl|46694846.0,rumex conglomeratus,bhl,stamen number,0,0,0,0,0,False,False,False,True,[],[],[],[]
rumex conglomeratus|bhl|46694846.0,rumex conglomeratus,bhl,stamen arrangement,0,0,0,0,0,False,False,False,True,[],[],[],[]
rumex conglomeratus|bhl|46694846.0,rumex conglomeratus,bhl,stamenoid number,0,0,0,0,0,False,False,False,True,[],[],[],[]
rumex conglomeratus|bhl|46694846.0,rumex conglomeratus,bhl,stamen min. length [cm],0,0,0,0,0,False,False,False,True,[],[],[],[]
rumex conglomeratus|bhl|46694846.0,rumex conglomeratus,bhl,stamen max. length [cm],0,0,0,0,0,False,False,False,True,[],[],[],[]
rumex conglomeratus|bhl|46694846.0,rumex conglomeratus,bhl,staminodium,0,0,0,0,0,False,False,False,True,[],[],[],[]
rumex conglomeratus|bhl|46694846.0,rumex conglomeratus,bhl,pollen colour,0,0,0,0,0,False,False,False,True,[],[],[],[]
rumex conglomeratus|bhl|46694846.0,rumex conglomeratus,bhl,carpel/ovary number,0,0,0,0,0,False,False,False,True,[],[],[],[]
rumex conglomeratus|bhl|46694846.0,rumex conglomeratus,bhl,gynoecium arrangement,0,0,0,0,0,False,False,False,True,[],[],[],[]
rumex conglomeratus|bhl|46694846.0,rumex conglomeratus,bhl,heterostyly,0,0,0,0,0,False,False,False,True,[],[],[],[]
rumex conglomeratus|bhl|46694846.0,rumex conglomeratus,bhl,pollination,0,0,0,0,0,False,False,False,True,[],[],[],[]
rumex conglomeratus|bhl|46694846.0,rumex conglomeratus,bhl,reward,0,0,0,0,0,False,False,False,True,[],[],[],[]
rumex conglomeratus|bhl|46694846.0,rumex conglomeratus,bhl,fruit type,0,0,0,0,0,False,False,False,True,[],[],[],[]
rumex conglomeratus|bhl|46694846.0,rumex conglomeratus,bhl,fruit structure,0,0,0,0,0,False,False,False,True,[],[],[],[]
rumex conglomeratus|bhl|46694846.0,rumex conglomeratus,bhl,fruit dehiscence,0,0,0,0,0,False,False,False,True,[],[],[],[]
rumex conglomeratus|bhl|46694846.0,rumex conglomeratus,bhl,fruit shape,0,0,0,0,0,False,False,False,True,[],[],[],[]
rumex conglomeratus|bhl|46694846.0,rumex conglomeratus,bhl,fruit colour,0,0,0,0,0,False,False,False,True,[],[],[],[]
rumex conglomeratus|bhl|46694846.0,rumex conglomeratus,bhl,seed colour,0,0,0,0,0,False,False,False,True,[],[],[],[]
rumex conglomeratus|bhl|46694846.0,rumex conglomeratus,bhl,seeds per fruit min,0,0,0,0,0,False,False,False,True,[],[],[],[]
rumex conglomeratus|bhl|46694846.0,rumex conglomeratus,bhl,seeds per fruit max,0,0,0,0,0,False,False,False,True,[],[],[],[]
rumex conglomeratus|bhl|46694846.0,rumex conglomeratus,bhl,seeds per fruit min.,0,0,0,0,0,False,False,False,True,[],[],[],[]
rumex conglomeratus|bhl|46694846.0,rumex conglomeratus,bhl,seed min. width [mm],0,0,0,0,0,False,False,False,True,[],[],[],[]
rumex conglomeratus|bhl|46694846.0,rumex conglomeratus,bhl,seed max. width [mm],0,0,0,0,0,False,False,False,True,[],[],[],[]
rumex conglomeratus|bhl|46694846.0,rumex conglomeratus,bhl,seed min. length [mm],0,0,0,0,0,False,False,False,True,[],[],[],[]
rumex conglomeratus|bhl|46694846.0,rumex conglomeratus,bhl,seed max. length [mm],0,0,0,0,0,False,False,False,True,[],[],[],[]
rumex conglomeratus|bhl|46694846.0,rumex conglomeratus,bhl,seed min. diameter [mm],0,0,0,0,0,False,False,False,True,[],[],[],[]
rumex conglomeratus|bhl|46694846.0,rumex conglomeratus,bhl,seed max. diameter [mm],0,0,0,0,0,False,False,False,True,[],[],[],[]
rumex conglomeratus|bhl|46694846.0,rumex conglomeratus,bhl,dispersal mode,0,0,0,0,0,False,False,False,True,[],[],[],[]
rumex conglomeratus|bhl|46694846.0,rumex conglomeratus,bhl,ploidy level (2n),0,0,0,0,0,False,False,False,True,[],[],[],[]
rumex conglomeratus|bhl|46694846.0,rumex conglomeratus,bhl,root min. depth [cm],0,0,0,0,0,False,False,False,True,[],[],[],[]
rumex conglomeratus|bhl|46694846.0,rumex conglomeratus,bhl,root max. depth [cm],0,0,0,0,0,False,False,False,True,[],[],[],[]
salix reticulata|efloras.flora_of_north_america,salix reticulata,efloras.flora_of_north_america,life form,0,1,0,0,1,False,True,True,False,[],"[""perennial""]","[""perennial""]",[]
salix reticulata|efloras.flora_of_north_america,salix reticulata,efloras.flora_of_north_america,habitat,1,0,0,1,1,True,True,True,True,"[""terrestrial""]","[""terrestrial""]",[],[]
salix reticulata|efloras.flora_of_north_america,salix reticulata,efloras.flora_of_north_america,habit,1,1,0,1,2,True,True,True,False,"[""erect leafy""]","[""erect leafy"", ""tree""]","[""tree""]",[]
salix reticulata|efloras.flora_of_north_america,salix reticulata,efloras.flora_of_north_america,clonality,1,0,0,1,1,True,True,True,True,"[""solitary plant""]","[""solitary plant""]",[],[]
salix reticulata|efloras.flora_of_north_america,salix reticulata,efloras.flora_of_north_america,perennial organ,1,1,0,1,2,True,True,True,False,"[""stem""]","[""stem"", ""stipe""]","[""stipe""]",[]
salix reticulata|efloras.flora_of_north_america,salix reticulata,efloras.flora_of_north_america,plant min. height [m],1,0,0,1,1,True,True,True,True,"[""0.03""]","[""0.03""]",[],[]
salix reticulata|efloras.flora_of_north_america,salix reticulata,efloras.flora_of_north_america,plant max. height [m],1,0,0,1,1,True,True,True,True,"[""0.15""]","[""0.15""]",[],[]
salix reticulata|efloras.flora_of_north_america,salix reticulata,efloras.flora_of_north_america,indumentum,3,2,1,4,5,True,True,True,False,"[""glabrescent"", ""glabrous"", ""glandular"", ""hairy""]","[""glabrescent"", ""glabrous"", ""glandular"", ""pubescent"", ""sericeous""]","[""pubescent"", ""sericeous""]","[""hairy""]"
salix reticulata|efloras.flora_of_north_america,salix reticulata,efloras.flora_of_north_america,spinescence,0,0,0,0,0,False,False,False,True,[],[],[],[]
salix reticulata|efloras.flora_of_north_america,salix reticulata,efloras.flora_of_north_america,succulence,0,0,0,0,0,False,False,False,True,[],[],[],[]
salix reticulata|efloras.flora_of_north_america,salix reticulata,efloras.flora_of_north_america,leaf arrangement,0,0,0,0,0,False,False,False,True,[],[],[],[]
salix reticulata|efloras.flora_of_north_america,salix reticulata,efloras.flora_of_north_america,leaf architecture,0,0,0,0,0,False,False,False,True,[],[],[],[]
salix reticulata|efloras.flora_of_north_america,salix reticulata,efloras.flora_of_north_america,leaf position,0,0,0,0,0,False,False,False,True,[],[],[],[]
salix reticulata|efloras.flora_of_north_america,salix reticulata,efloras.flora_of_north_america,leaf shape,6,0,0,6,6,True,True,True,True,"[""cordate"", ""elliptic"", ""oblong"", ""orbicular"", ""orbiculate"", ""rounded""]","[""cordate"", ""elliptic"", ""oblong"", ""orbicular"", ""orbiculate"", ""rounded""]",[],[]
salix reticulata|efloras.flora_of_north_america,salix reticulata,efloras.flora_of_north_america,leaf apex,3,0,0,3,3,True,True,True,True,"[""acute"", ""retuse"", ""rounded""]","[""acute"", ""retuse"", ""rounded""]",[],[]
salix reticulata|efloras.flora_of_north_america,salix reticulata,efloras.flora_of_north_america,leaf base,3,0,0,3,3,True,True,True,True,"[""cordate"", ""rounded"", ""truncate""]","[""cordate"", ""rounded"", ""truncate""]",[],[]
salix reticulata|efloras.flora_of_north_america,salix reticulata,efloras.flora_of_north_america,leaf margin,3,0,0,3,3,True,True,True,True,"[""crenulate"", ""entire"", ""revolute""]","[""crenulate"", ""entire"", ""revolute""]",[],[]
salix reticulata|efloras.flora_of_north_america,salix reticulata,efloras.flora_of_north_america,leaf min. width [cm],1,0,0,1,1,True,True,True,True,"[""0.8""]","[""0.8""]",[],[]
salix reticulata|efloras.flora_of_north_america,salix reticulata,efloras.flora_of_north_america,leaf max. width [cm],1,0,0,1,1,True,True,True,True,"[""5.0""]","[""5.0""]",[],[]
salix reticulata|efloras.flora_of_north_america,salix reticulata,efloras.flora_of_north_america,leaf min. length [cm],1,0,0,1,1,True,True,True,True,"[""0.8""]","[""0.8""]",[],[]
salix reticulata|efloras.flora_of_north_america,salix reticulata,efloras.flora_of_north_america,leaf max. length [cm],1,0,0,1,1,True,True,True,True,"[""6.6""]","[""6.6""]",[],[]
salix reticulata|efloras.flora_of_north_america,salix reticulata,efloras.flora_of_north_america,bract colour,0,0,0,0,0,False,False,False,True,[],[],[],[]
salix reticulata|efloras.flora_of_north_america,salix reticulata,efloras.flora_of_north_america,bracteole colour,0,0,0,0,0,False,False,False,True,[],[],[],[]
salix reticulata|efloras.flora_of_north_america,salix reticulata,efloras.flora_of_north_america,inflorescence arrangement,0,0,0,0,0,False,False,False,True,[],[],[],[]
salix reticulata|efloras.flora_of_north_america,salix reticulata,efloras.flora_of_north_america,inflorescence orientation,0,0,0,0,0,False,False,False,True,[],[],[],[]
salix reticulata|efloras.flora_of_north_america,salix reticulata,efloras.flora_of_north_america,flower sex,2,0,0,2,2,True,True,True,True,"[""pistillate"", ""staminate""]","[""pistillate"", ""staminate""]",[],[]
salix reticulata|efloras.flora_of_north_america,salix reticulata,efloras.flora_of_north_america,flower architecture,0,0,0,0,0,False,False,False,True,[],[],[],[]
salix reticulata|efloras.flora_of_north_america,salix reticulata,efloras.flora_of_north_america,flower merosity,0,0,0,0,0,False,False,False,True,[],[],[],[]
salix reticulata|efloras.flora_of_north_america,salix reticulata,efloras.flora_of_north_america,flower symmetry,0,0,0,0,0,False,False,False,True,[],[],[],[]
salix reticulata|efloras.flora_of_north_america,salix reticulata,efloras.flora_of_north_america,flower shape,0,0,0,0,0,False,False,False,True,[],[],[],[]
salix reticulata|efloras.flora_of_north_america,salix reticulata,efloras.flora_of_north_america,flower colour,0,0,0,0,0,False,False,False,True,[],[],[],[]
salix reticulata|efloras.flora_of_north_america,salix reticulata,efloras.flora_of_north_america,flower orientation,0,0,0,0,0,False,False,False,True,[],[],[],[]
salix reticulata|efloras.flora_of_north_america,salix reticulata,efloras.flora_of_north_america,petal fusion,0,0,0,0,0,False,False,False,True,[],[],[],[]
salix reticulata|efloras.flora_of_north_america,salix reticulata,efloras.flora_of_north_america,petal colour,0,0,0,0,0,False,False,False,True,[],[],[],[]
salix reticulata|efloras.flora_of_north_america,salix reticulata,efloras.flora_of_north_america,petal min. width [cm],0,0,0,0,0,False,False,False,True,[],[],[],[]
salix reticulata|efloras.flora_of_north_america,salix reticulata,efloras.flora_of_north_america,petal max. width [cm],0,0,0,0,0,False,False,False,True,[],[],[],[]
salix reticulata|efloras.flora_of_north_america,salix reticulata,efloras.flora_of_north_america,calyx colour,0,0,0,0,0,False,False,False,True,[],[],[],[]
salix reticulata|efloras.flora_of_north_america,salix reticulata,efloras.flora_of_north_america,calyx min. length [cm],0,0,0,0,0,False,False,False,True,[],[],[],[]
salix reticulata|efloras.flora_of_north_america,salix reticulata,efloras.flora_of_north_america,calyx max. length [cm],0,0,0,0,0,False,False,False,True,[],[],[],[]
salix reticulata|efloras.flora_of_north_america,salix reticulata,efloras.flora_of_north_america,corolla colour,0,0,0,0,0,False,False,False,True,[],[],[],[]
salix reticulata|efloras.flora_of_north_america,salix reticulata,efloras.flora_of_north_america,corolla tube min. length [cm],0,0,0,0,0,False,False,False,True,[],[],[],[]
salix reticulata|efloras.flora_of_north_america,salix reticulata,efloras.flora_of_north_america,corolla tube max. length [cm],0,0,0,0,0,False,False,False,True,[],[],[],[]
salix reticulata|efloras.flora_of_north_america,salix reticulata,efloras.flora_of_north_america,corolla tube lipped,0,0,0,0,0,False,False,False,True,[],[],[],[]
salix reticulata|efloras.flora_of_north_america,salix reticulata,efloras.flora_of_north_america,labellum colour,0,0,0,0,0,False,False,False,True,[],[],[],[]
salix reticulata|efloras.flora_of_north_america,salix reticulata,efloras.flora_of_north_america,labellum min. width [cm],0,0,0,0,0,False,False,False,True,[],[],[],[]
salix reticulata|efloras.flora_of_north_america,salix reticulata,efloras.flora_of_north_america,labellum max. width [cm],0,0,0,0,0,False,False,False,True,[],[],[],[]
salix reticulata|efloras.flora_of_north_america,salix reticulata,efloras.flora_of_north_america,spur min. length [cm],0,0,0,0,0,False,False,False,True,[],[],[],[]
salix reticulata|efloras.flora_of_north_america,salix reticulata,efloras.flora_of_north_america,spur max. length [cm],0,0,0,0,0,False,False,False,True,[],[],[],[]
salix reticulata|efloras.flora_of_north_america,salix reticulata,efloras.flora_of_north_america,reproduction architecture,0,1,0,0,1,False,True,True,False,[],"[""monadelphous""]","[""monadelphous""]",[]
salix reticulata|efloras.flora_of_north_america,salix reticulata,efloras.flora_of_north_america,reproduction system,0,0,0,0,0,False,False,False,True,[],[],[],[]
salix reticulata|efloras.flora_of_north_america,salix reticulata,efloras.flora_of_north_america,stamen number,0,0,0,0,0,False,False,False,True,[],[],[],[]
salix reticulata|efloras.flora_of_north_america,salix reticulata,efloras.flora_of_north_america,stamen arrangement,0,0,0,0,0,False,False,False,True,[],[],[],[]
salix reticulata|efloras.flora_of_north_america,salix reticulata,efloras.flora_of_north_america,stamenoid number,0,0,0,0,0,False,False,False,True,[],[],[],[]
salix reticulata|efloras.flora_of_north_america,salix reticulata,efloras.flora_of_north_america,stamen min. length [cm],0,0,0,0,0,False,False,False,True,[],[],[],[]
salix reticulata|efloras.flora_of_north_america,salix reticulata,efloras.flora_of_north_america,stamen max. length [cm],0,0,0,0,0,False,False,False,True,[],[],[],[]
salix reticulata|efloras.flora_of_north_america,salix reticulata,efloras.flora_of_north_america,staminodium,0,0,0,0,0,False,False,False,True,[],[],[],[]
salix reticulata|efloras.flora_of_north_america,salix reticulata,efloras.flora_of_north_america,pollen colour,0,0,0,0,0,False,False,False,True,[],[],[],[]
salix reticulata|efloras.flora_of_north_america,salix reticulata,efloras.flora_of_north_america,carpel/ovary number,0,0,0,0,0,False,False,False,True,[],[],[],[]
salix reticulata|efloras.flora_of_north_america,salix reticulata,efloras.flora_of_north_america,gynoecium arrangement,0,0,0,0,0,False,False,False,True,[],[],[],[]
salix reticulata|efloras.flora_of_north_america,salix reticulata,efloras.flora_of_north_america,heterostyly,0,0,0,0,0,False,False,False,True,[],[],[],[]
salix reticulata|efloras.flora_of_north_america,salix reticulata,efloras.flora_of_north_america,pollination,0,0,0,0,0,False,False,False,True,[],[],[],[]
salix reticulata|efloras.flora_of_north_america,salix reticulata,efloras.flora_of_north_america,reward,1,0,0,1,1,True,True,True,True,"[""nectar""]","[""nectar""]",[],[]
salix reticulata|efloras.flora_of_north_america,salix reticulata,efloras.flora_of_north_america,fruit type,1,0,0,1,1,True,True,True,True,"[""capsule""]","[""capsule""]",[],[]
salix reticulata|efloras.flora_of_north_america,salix reticulata,efloras.flora_of_north_america,fruit structure,0,1,0,0,1,False,True,True,False,[],"[""dry""]","[""dry""]",[]
salix reticulata|efloras.flora_of_north_america,salix reticulata,efloras.flora_of_north_america,fruit dehiscence,0,1,0,0,1,False,True,True,False,[],"[""dehiscent""]","[""dehiscent""]",[]
salix reticulata|efloras.flora_of_north_america,salix reticulata,efloras.flora_of_north_america,fruit shape,0,0,0,0,0,False,False,False,True,[],[],[],[]
salix reticulata|efloras.flora_of_north_america,salix reticulata,efloras.flora_of_north_america,fruit colour,0,0,0,0,0,False,False,False,True,[],[],[],[]
salix reticulata|efloras.flora_of_north_america,salix reticulata,efloras.flora_of_north_america,seed colour,0,0,0,0,0,False,False,False,True,[],[],[],[]
salix reticulata|efloras.flora_of_north_america,salix reticulata,efloras.flora_of_north_america,seeds per fruit min,0,0,0,0,0,False,False,False,True,[],[],[],[]
salix reticulata|efloras.flora_of_north_america,salix reticulata,efloras.flora_of_north_america,seeds per fruit max,0,0,0,0,0,False,False,False,True,[],[],[],[]
salix reticulata|efloras.flora_of_north_america,salix reticulata,efloras.flora_of_north_america,seeds per fruit min.,0,0,0,0,0,False,False,False,True,[],[],[],[]
salix reticulata|efloras.flora_of_north_america,salix reticulata,efloras.flora_of_north_america,seed min. width [mm],0,0,0,0,0,False,False,False,True,[],[],[],[]
salix reticulata|efloras.flora_of_north_america,salix reticulata,efloras.flora_of_north_america,seed max. width [mm],0,0,0,0,0,False,False,False,True,[],[],[],[]
salix reticulata|efloras.flora_of_north_america,salix reticulata,efloras.flora_of_north_america,seed min. length [mm],0,0,0,0,0,False,False,False,True,[],[],[],[]
salix reticulata|efloras.flora_of_north_america,salix reticulata,efloras.flora_of_north_america,seed max. length [mm],0,0,0,0,0,False,False,False,True,[],[],[],[]
salix reticulata|efloras.flora_of_north_america,salix reticulata,efloras.flora_of_north_america,seed min. diameter [mm],0,0,0,0,0,False,False,False,True,[],[],[],[]
salix reticulata|efloras.flora_of_north_america,salix reticulata,efloras.flora_of_north_america,seed max. diameter [mm],0,0,0,0,0,False,False,False,True,[],[],[],[]
salix reticulata|efloras.flora_of_north_america,salix reticulata,efloras.flora_of_north_america,dispersal mode,0,0,0,0,0,False,False,False,True,[],[],[],[]
salix reticulata|efloras.flora_of_north_america,salix reticulata,efloras.flora_of_north_america,ploidy level (2n),1,0,0,1,1,True,True,True,True,"[""38""]","[""38""]",[],[]
salix reticulata|efloras.flora_of_north_america,salix reticulata,efloras.flora_of_north_america,root min. depth [cm],0,0,0,0,0,False,False,False,True,[],[],[],[]
salix reticulata|efloras.flora_of_north_america,salix reticulata,efloras.flora_of_north_america,root max. depth [cm],0,0,0,0,0,False,False,False,True,[],[],[],[]
stellaria alsine|efloras.flora_of_pakistan,stellaria alsine,efloras.flora_of_pakistan,life form,1,0,0,1,1,True,True,True,True,"[""perennial""]","[""perennial""]",[],[]
stellaria alsine|efloras.flora_of_pakistan,stellaria alsine,efloras.flora_of_pakistan,habitat,1,0,0,1,1,True,True,True,True,"[""terrestrial""]","[""terrestrial""]",[],[]
stellaria alsine|efloras.flora_of_pakistan,stellaria alsine,efloras.flora_of_pakistan,habit,3,0,0,3,3,True,True,True,True,"[""erect leafy"", ""geoxylices"", ""scrambler""]","[""erect leafy"", ""geoxylices"", ""scrambler""]",[],[]
stellaria alsine|efloras.flora_of_pakistan,stellaria alsine,efloras.flora_of_pakistan,clonality,2,0,0,2,2,True,True,True,True,"[""solitary plant"", ""stoloniferous""]","[""solitary plant"", ""stoloniferous""]",[],[]
stellaria alsine|efloras.flora_of_pakistan,stellaria alsine,efloras.flora_of_pakistan,perennial organ,3,0,0,3,3,True,True,True,True,"[""rootstock"", ""stem"", ""stolon""]","[""rootstock"", ""stem"", ""stolon""]",[],[]
stellaria alsine|efloras.flora_of_pakistan,stellaria alsine,efloras.flora_of_pakistan,plant min. height [m],0,0,0,0,0,False,False,False,True,[],[],[],[]
stellaria alsine|efloras.flora_of_pakistan,stellaria alsine,efloras.flora_of_pakistan,plant max. height [m],0,0,0,0,0,False,False,False,True,[],[],[],[]
stellaria alsine|efloras.flora_of_pakistan,stellaria alsine,efloras.flora_of_pakistan,indumentum,2,0,0,2,2,True,True,True,True,"[""ciliate"", ""glabrous""]","[""ciliate"", ""glabrous""]",[],[]
stellaria alsine|efloras.flora_of_pakistan,stellaria alsine,efloras.flora_of_pakistan,spinescence,0,0,0,0,0,False,False,False,True,[],[],[],[]
stellaria alsine|efloras.flora_of_pakistan,stellaria alsine,efloras.flora_of_pakistan,succulence,0,0,0,0,0,False,False,False,True,[],[],[],[]
stellaria alsine|efloras.flora_of_pakistan,stellaria alsine,efloras.flora_of_pakistan,leaf arrangement,0,0,0,0,0,False,False,False,True,[],[],[],[]
stellaria alsine|efloras.flora_of_pakistan,stellaria alsine,efloras.flora_of_pakistan,leaf architecture,0,0,0,0,0,False,False,False,True,[],[],[],[]
stellaria alsine|efloras.flora_of_pakistan,stellaria alsine,efloras.flora_of_pakistan,leaf position,0,0,0,0,0,False,False,False,True,[],[],[],[]
stellaria alsine|efloras.flora_of_pakistan,stellaria alsine,efloras.flora_of_pakistan,leaf shape,3,0,0,3,3,True,True,True,True,"[""lanceolate"", ""oblanceolate"", ""spatulate""]","[""lanceolate"", ""oblanceolate"", ""spatulate""]",[],[]
stellaria alsine|efloras.flora_of_pakistan,stellaria alsine,efloras.flora_of_pakistan,leaf apex,1,1,0,1,2,True,True,True,False,"[""acute""]","[""acute"", ""lanceolate""]","[""lanceolate""]",[]
stellaria alsine|efloras.flora_of_pakistan,stellaria alsine,efloras.flora_of_pakistan,leaf base,1,0,0,1,1,True,True,True,True,"[""attenuate""]","[""attenuate""]",[],[]
stellaria alsine|efloras.flora_of_pakistan,stellaria alsine,efloras.flora_of_pakistan,leaf margin,0,0,0,0,0,False,False,False,True,[],[],[],[]
stellaria alsine|efloras.flora_of_pakistan,stellaria alsine,efloras.flora_of_pakistan,leaf min. width [cm],1,0,0,1,1,True,True,True,True,"[""0.3""]","[""0.3""]",[],[]
stellaria alsine|efloras.flora_of_pakistan,stellaria alsine,efloras.flora_of_pakistan,leaf max. width [cm],1,0,0,1,1,True,True,True,True,"[""0.5""]","[""0.5""]",[],[]
stellaria alsine|efloras.flora_of_pakistan,stellaria alsine,efloras.flora_of_pakistan,leaf min. length [cm],1,0,0,1,1,True,True,True,True,"[""1.0""]","[""1.0""]",[],[]
stellaria alsine|efloras.flora_of_pakistan,stellaria alsine,efloras.flora_of_pakistan,leaf max. length [cm],1,0,0,1,1,True,True,True,True,"[""2.5""]","[""2.5""]",[],[]
stellaria alsine|efloras.flora_of_pakistan,stellaria alsine,efloras.flora_of_pakistan,bract colour,0,0,0,0,0,False,False,False,True,[],[],[],[]
stellaria alsine|efloras.flora_of_pakistan,stellaria alsine,efloras.flora_of_pakistan,bracteole colour,0,0,0,0,0,False,False,False,True,[],[],[],[]
stellaria alsine|efloras.flora_of_pakistan,stellaria alsine,efloras.flora_of_pakistan,inflorescence arrangement,1,0,0,1,1,True,True,True,True,"[""cyme""]","[""cyme""]",[],[]
stellaria alsine|efloras.flora_of_pakistan,stellaria alsine,efloras.flora_of_pakistan,inflorescence orientation,0,0,0,0,0,False,False,False,True,[],[],[],[]
stellaria alsine|efloras.flora_of_pakistan,stellaria alsine,efloras.flora_of_pakistan,flower sex,0,0,0,0,0,False,False,False,True,[],[],[],[]
stellaria alsine|efloras.flora_of_pakistan,stellaria alsine,efloras.flora_of_pakistan,flower architecture,0,0,0,0,0,False,False,False,True,[],[],[],[]
stellaria alsine|efloras.flora_of_pakistan,stellaria alsine,efloras.flora_of_pakistan,flower merosity,0,0,0,0,0,False,False,False,True,[],[],[],[]
stellaria alsine|efloras.flora_of_pakistan,stellaria alsine,efloras.flora_of_pakistan,flower symmetry,0,0,0,0,0,False,False,False,True,[],[],[],[]
stellaria alsine|efloras.flora_of_pakistan,stellaria alsine,efloras.flora_of_pakistan,flower shape,0,0,0,0,0,False,False,False,True,[],[],[],[]
stellaria alsine|efloras.flora_of_pakistan,stellaria alsine,efloras.flora_of_pakistan,flower colour,0,0,0,0,0,False,False,False,True,[],[],[],[]
stellaria alsine|efloras.flora_of_pakistan,stellaria alsine,efloras.flora_of_pakistan,flower orientation,0,0,0,0,0,False,False,False,True,[],[],[],[]
stellaria alsine|efloras.flora_of_pakistan,stellaria alsine,efloras.flora_of_pakistan,petal fusion,0,0,0,0,0,False,False,False,True,[],[],[],[]
stellaria alsine|efloras.flora_of_pakistan,stellaria alsine,efloras.flora_of_pakistan,petal colour,0,0,0,0,0,False,False,False,True,[],[],[],[]
stellaria alsine|efloras.flora_of_pakistan,stellaria alsine,efloras.flora_of_pakistan,petal min. width [cm],0,0,0,0,0,False,False,False,True,[],[],[],[]
stellaria alsine|efloras.flora_of_pakistan,stellaria alsine,efloras.flora_of_pakistan,petal max. width [cm],0,0,0,0,0,False,False,False,True,[],[],[],[]
stellaria alsine|efloras.flora_of_pakistan,stellaria alsine,efloras.flora_of_pakistan,calyx colour,0,0,0,0,0,False,False,False,True,[],[],[],[]
stellaria alsine|efloras.flora_of_pakistan,stellaria alsine,efloras.flora_of_pakistan,calyx min. length [cm],0,0,0,0,0,False,False,False,True,[],[],[],[]
stellaria alsine|efloras.flora_of_pakistan,stellaria alsine,efloras.flora_of_pakistan,calyx max. length [cm],0,0,0,0,0,False,False,False,True,[],[],[],[]
stellaria alsine|efloras.flora_of_pakistan,stellaria alsine,efloras.flora_of_pakistan,corolla colour,0,0,0,0,0,False,False,False,True,[],[],[],[]
stellaria alsine|efloras.flora_of_pakistan,stellaria alsine,efloras.flora_of_pakistan,corolla tube min. length [cm],0,0,0,0,0,False,False,False,True,[],[],[],[]
stellaria alsine|efloras.flora_of_pakistan,stellaria alsine,efloras.flora_of_pakistan,corolla tube max. length [cm],0,0,0,0,0,False,False,False,True,[],[],[],[]
stellaria alsine|efloras.flora_of_pakistan,stellaria alsine,efloras.flora_of_pakistan,corolla tube lipped,0,0,0,0,0,False,False,False,True,[],[],[],[]
stellaria alsine|efloras.flora_of_pakistan,stellaria alsine,efloras.flora_of_pakistan,labellum colour,0,0,0,0,0,False,False,False,True,[],[],[],[]
stellaria alsine|efloras.flora_of_pakistan,stellaria alsine,efloras.flora_of_pakistan,labellum min. width [cm],0,0,0,0,0,False,False,False,True,[],[],[],[]
stellaria alsine|efloras.flora_of_pakistan,stellaria alsine,efloras.flora_of_pakistan,labellum max. width [cm],0,0,0,0,0,False,False,False,True,[],[],[],[]
stellaria alsine|efloras.flora_of_pakistan,stellaria alsine,efloras.flora_of_pakistan,spur min. length [cm],0,0,0,0,0,False,False,False,True,[],[],[],[]
stellaria alsine|efloras.flora_of_pakistan,stellaria alsine,efloras.flora_of_pakistan,spur max. length [cm],0,0,0,0,0,False,False,False,True,[],[],[],[]
stellaria alsine|efloras.flora_of_pakistan,stellaria alsine,efloras.flora_of_pakistan,reproduction architecture,0,0,0,0,0,False,False,False,True,[],[],[],[]
stellaria alsine|efloras.flora_of_pakistan,stellaria alsine,efloras.flora_of_pakistan,reproduction system,0,0,0,0,0,False,False,False,True,[],[],[],[]
stellaria alsine|efloras.flora_of_pakistan,stellaria alsine,efloras.flora_of_pakistan,stamen number,0,0,0,0,0,False,False,False,True,[],[],[],[]
stellaria alsine|efloras.flora_of_pakistan,stellaria alsine,efloras.flora_of_pakistan,stamen arrangement,0,0,0,0,0,False,False,False,True,[],[],[],[]
stellaria alsine|efloras.flora_of_pakistan,stellaria alsine,efloras.flora_of_pakistan,stamenoid number,0,0,0,0,0,False,False,False,True,[],[],[],[]
stellaria alsine|efloras.flora_of_pakistan,stellaria alsine,efloras.flora_of_pakistan,stamen min. length [cm],0,0,0,0,0,False,False,False,True,[],[],[],[]
stellaria alsine|efloras.flora_of_pakistan,stellaria alsine,efloras.flora_of_pakistan,stamen max. length [cm],0,0,0,0,0,False,False,False,True,[],[],[],[]
stellaria alsine|efloras.flora_of_pakistan,stellaria alsine,efloras.flora_of_pakistan,staminodium,0,0,0,0,0,False,False,False,True,[],[],[],[]
stellaria alsine|efloras.flora_of_pakistan,stellaria alsine,efloras.flora_of_pakistan,pollen colour,0,0,0,0,0,False,False,False,True,[],[],[],[]
stellaria alsine|efloras.flora_of_pakistan,stellaria alsine,efloras.flora_of_pakistan,carpel/ovary number,0,0,0,0,0,False,False,False,True,[],[],[],[]
stellaria alsine|efloras.flora_of_pakistan,stellaria alsine,efloras.flora_of_pakistan,gynoecium arrangement,0,0,0,0,0,False,False,False,True,[],[],[],[]
stellaria alsine|efloras.flora_of_pakistan,stellaria alsine,efloras.flora_of_pakistan,heterostyly,0,0,0,0,0,False,False,False,True,[],[],[],[]
stellaria alsine|efloras.flora_of_pakistan,stellaria alsine,efloras.flora_of_pakistan,pollination,0,0,0,0,0,False,False,False,True,[],[],[],[]
stellaria alsine|efloras.flora_of_pakistan,stellaria alsine,efloras.flora_of_pakistan,reward,0,0,0,0,0,False,False,False,True,[],[],[],[]
stellaria alsine|efloras.flora_of_pakistan,stellaria alsine,efloras.flora_of_pakistan,fruit type,1,0,0,1,1,True,True,True,True,"[""capsule""]","[""capsule""]",[],[]
stellaria alsine|efloras.flora_of_pakistan,stellaria alsine,efloras.flora_of_pakistan,fruit structure,0,1,0,0,1,False,True,True,False,[],"[""dry""]","[""dry""]",[]
stellaria alsine|efloras.flora_of_pakistan,stellaria alsine,efloras.flora_of_pakistan,fruit dehiscence,0,1,0,0,1,False,True,True,False,[],"[""dehiscent""]","[""dehiscent""]",[]
stellaria alsine|efloras.flora_of_pakistan,stellaria alsine,efloras.flora_of_pakistan,fruit shape,0,0,0,0,0,False,False,False,True,[],[],[],[]
stellaria alsine|efloras.flora_of_pakistan,stellaria alsine,efloras.flora_of_pakistan,fruit colour,0,0,0,0,0,False,False,False,True,[],[],[],[]
stellaria alsine|efloras.flora_of_pakistan,stellaria alsine,efloras.flora_of_pakistan,seed colour,0,0,0,0,0,False,False,False,True,[],[],[],[]
stellaria alsine|efloras.flora_of_pakistan,stellaria alsine,efloras.flora_of_pakistan,seeds per fruit min,0,0,0,0,0,False,False,False,True,[],[],[],[]
stellaria alsine|efloras.flora_of_pakistan,stellaria alsine,efloras.flora_of_pakistan,seeds per fruit max,0,0,0,0,0,False,False,False,True,[],[],[],[]
stellaria alsine|efloras.flora_of_pakistan,stellaria alsine,efloras.flora_of_pakistan,seeds per fruit min.,0,0,0,0,0,False,False,False,True,[],[],[],[]
stellaria alsine|efloras.flora_of_pakistan,stellaria alsine,efloras.flora_of_pakistan,seed min. width [mm],0,0,0,0,0,False,False,False,True,[],[],[],[]
stellaria alsine|efloras.flora_of_pakistan,stellaria alsine,efloras.flora_of_pakistan,seed max. width [mm],0,0,0,0,0,False,False,False,True,[],[],[],[]
stellaria alsine|efloras.flora_of_pakistan,stellaria alsine,efloras.flora_of_pakistan,seed min. length [mm],0,0,0,0,0,False,False,False,True,[],[],[],[]
stellaria alsine|efloras.flora_of_pakistan,stellaria alsine,efloras.flora_of_pakistan,seed max. length [mm],0,0,0,0,0,False,False,False,True,[],[],[],[]
stellaria alsine|efloras.flora_of_pakistan,stellaria alsine,efloras.flora_of_pakistan,seed min. diameter [mm],0,0,0,0,0,False,False,False,True,[],[],[],[]
stellaria alsine|efloras.flora_of_pakistan,stellaria alsine,efloras.flora_of_pakistan,seed max. diameter [mm],0,0,0,0,0,False,False,False,True,[],[],[],[]
stellaria alsine|efloras.flora_of_pakistan,stellaria alsine,efloras.flora_of_pakistan,dispersal mode,0,0,0,0,0,False,False,False,True,[],[],[],[]
stellaria alsine|efloras.flora_of_pakistan,stellaria alsine,efloras.flora_of_pakistan,ploidy level (2n),0,0,0,0,0,False,False,False,True,[],[],[],[]
stellaria alsine|efloras.flora_of_pakistan,stellaria alsine,efloras.flora_of_pakistan,root min. depth [cm],0,0,0,0,0,False,False,False,True,[],[],[],[]
stellaria alsine|efloras.flora_of_pakistan,stellaria alsine,efloras.flora_of_pakistan,root max. depth [cm],0,0,0,0,0,False,False,False,True,[],[],[],[]
urtica dioica|efloras.flora_of_pakistan,urtica dioica,efloras.flora_of_pakistan,life form,1,0,0,1,1,True,True,True,True,"[""perennial""]","[""perennial""]",[],[]
urtica dioica|efloras.flora_of_pakistan,urtica dioica,efloras.flora_of_pakistan,habitat,1,0,0,1,1,True,True,True,True,"[""terrestrial""]","[""terrestrial""]",[],[]
urtica dioica|efloras.flora_of_pakistan,urtica dioica,efloras.flora_of_pakistan,habit,2,0,0,2,2,True,True,True,True,"[""erect leafy"", ""herb""]","[""erect leafy"", ""herb""]",[],[]
urtica dioica|efloras.flora_of_pakistan,urtica dioica,efloras.flora_of_pakistan,clonality,1,0,0,1,1,True,True,True,True,"[""solitary plant""]","[""solitary plant""]",[],[]
urtica dioica|efloras.flora_of_pakistan,urtica dioica,efloras.flora_of_pakistan,perennial organ,1,0,0,1,1,True,True,True,True,"[""stem""]","[""stem""]",[],[]
urtica dioica|efloras.flora_of_pakistan,urtica dioica,efloras.flora_of_pakistan,plant min. height [m],1,0,0,1,1,True,True,True,True,"[""0.5""]","[""0.5""]",[],[]
urtica dioica|efloras.flora_of_pakistan,urtica dioica,efloras.flora_of_pakistan,plant max. height [m],1,0,0,1,1,True,True,True,True,"[""1.5""]","[""1.5""]",[],[]
urtica dioica|efloras.flora_of_pakistan,urtica dioica,efloras.flora_of_pakistan,indumentum,0,0,3,3,0,True,False,True,False,"[""ciliate"", ""hairy"", ""pubescent""]",[],[],"[""ciliate"", ""hairy"", ""pubescent""]"
urtica dioica|efloras.flora_of_pakistan,urtica dioica,efloras.flora_of_pakistan,spinescence,0,0,0,0,0,False,False,False,True,[],[],[],[]
urtica dioica|efloras.flora_of_pakistan,urtica dioica,efloras.flora_of_pakistan,succulence,0,0,0,0,0,False,False,False,True,[],[],[],[]
urtica dioica|efloras.flora_of_pakistan,urtica dioica,efloras.flora_of_pakistan,leaf arrangement,0,0,0,0,0,False,False,False,True,[],[],[],[]
urtica dioica|efloras.flora_of_pakistan,urtica dioica,efloras.flora_of_pakistan,leaf architecture,0,0,0,0,0,False,False,False,True,[],[],[],[]
urtica dioica|efloras.flora_of_pakistan,urtica dioica,efloras.flora_of_pakistan,leaf position,0,0,0,0,0,False,False,False,True,[],[],[],[]
urtica dioica|efloras.flora_of_pakistan,urtica dioica,efloras.flora_of_pakistan,leaf shape,0,0,2,2,0,True,False,True,False,"[""lanceolate"", ""ovate""]",[],[],"[""lanceolate"", ""ovate""]"
urtica dioica|efloras.flora_of_pakistan,urtica dioica,efloras.flora_of_pakistan,leaf apex,0,0,2,2,0,True,False,True,False,"[""acuminate"", ""acute""]",[],[],"[""acuminate"", ""acute""]"
urtica dioica|efloras.flora_of_pakistan,urtica dioica,efloras.flora_of_pakistan,leaf base,0,0,1,1,0,True,False,True,False,"[""cordate""]",[],[],"[""cordate""]"
urtica dioica|efloras.flora_of_pakistan,urtica dioica,efloras.flora_of_pakistan,leaf margin,0,0,1,1,0,True,False,True,False,"[""serrate""]",[],[],"[""serrate""]"
urtica dioica|efloras.flora_of_pakistan,urtica dioica,efloras.flora_of_pakistan,leaf min. width [cm],0,0,1,1,0,True,False,True,False,"[""2.5""]",[],[],"[""2.5""]"
urtica dioica|efloras.flora_of_pakistan,urtica dioica,efloras.flora_of_pakistan,leaf max. width [cm],0,0,1,1,0,True,False,True,False,"[""8.0""]",[],[],"[""8.0""]"
urtica dioica|efloras.flora_of_pakistan,urtica dioica,efloras.flora_of_pakistan,leaf min. length [cm],0,1,1,1,1,True,True,True,False,"[""5.0""]","[""1.5""]","[""1.5""]","[""5.0""]"
urtica dioica|efloras.flora_of_pakistan,urtica dioica,efloras.flora_of_pakistan,leaf max. length [cm],0,1,1,1,1,True,True,True,False,"[""12.0""]","[""4.0""]","[""4.0""]","[""12.0""]"
urtica dioica|efloras.flora_of_pakistan,urtica dioica,efloras.flora_of_pakistan,bract colour,0,0,0,0,0,False,False,False,True,[],[],[],[]
urtica dioica|efloras.flora_of_pakistan,urtica dioica,efloras.flora_of_pakistan,bracteole colour,0,0,0,0,0,False,False,False,True,[],[],[],[]
urtica dioica|efloras.flora_of_pakistan,urtica dioica,efloras.flora_of_pakistan,inflorescence arrangement,0,0,2,2,0,True,False,True,False,"[""cyme"", ""raceme""]",[],[],"[""cyme"", ""raceme""]"
urtica dioica|efloras.flora_of_pakistan,urtica dioica,efloras.flora_of_pakistan,inflorescence orientation,0,0,0,0,0,False,False,False,True,[],[],[],[]
urtica dioica|efloras.flora_of_pakistan,urtica dioica,efloras.flora_of_pakistan,flower sex,0,0,0,0,0,False,False,False,True,[],[],[],[]
urtica dioica|efloras.flora_of_pakistan,urtica dioica,efloras.flora_of_pakistan,flower architecture,0,0,0,0,0,False,False,False,True,[],[],[],[]
urtica dioica|efloras.flora_of_pakistan,urtica dioica,efloras.flora_of_pakistan,flower merosity,0,0,0,0,0,False,False,False,True,[],[],[],[]
urtica dioica|efloras.flora_of_pakistan,urtica dioica,efloras.flora_of_pakistan,flower symmetry,0,0,0,0,0,False,False,False,True,[],[],[],[]
urtica dioica|efloras.flora_of_pakistan,urtica dioica,efloras.flora_of_pakistan,flower shape,0,0,0,0,0,False,False,False,True,[],[],[],[]
urtica dioica|efloras.flora_of_pakistan,urtica dioica,efloras.flora_of_pakistan,flower colour,2,0,0,2,2,True,True,True,True,"[""green"", ""white""]","[""green"", ""white""]",[],[]
urtica dioica|efloras.flora_of_pakistan,urtica dioica,efloras.flora_of_pakistan,flower orientation,0,0,0,0,0,False,False,False,True,[],[],[],[]
urtica dioica|efloras.flora_of_pakistan,urtica dioica,efloras.flora_of_pakistan,petal fusion,0,0,0,0,0,False,False,False,True,[],[],[],[]
urtica dioica|efloras.flora_of_pakistan,urtica dioica,efloras.flora_of_pakistan,petal colour,0,0,1,1,0,True,False,True,False,"[""white""]",[],[],"[""white""]"
urtica dioica|efloras.flora_of_pakistan,urtica dioica,efloras.flora_of_pakistan,petal min. width [cm],0,0,0,0,0,False,False,False,True,[],[],[],[]
urtica dioica|efloras.flora_of_pakistan,urtica dioica,efloras.flora_of_pakistan,petal max. width [cm],0,0,0,0,0,False,False,False,True,[],[],[],[]
urtica dioica|efloras.flora_of_pakistan,urtica dioica,efloras.flora_of_pakistan,calyx colour,0,0,0,0,0,False,False,False,True,[],[],[],[]
urtica dioica|efloras.flora_of_pakistan,urtica dioica,efloras.flora_of_pakistan,calyx min. length [cm],0,0,0,0,0,False,False,False,True,[],[],[],[]
urtica dioica|efloras.flora_of_pakistan,urtica dioica,efloras.flora_of_pakistan,calyx max. length [cm],0,0,0,0,0,False,False,False,True,[],[],[],[]
urtica dioica|efloras.flora_of_pakistan,urtica dioica,efloras.flora_of_pakistan,corolla colour,0,0,0,0,0,False,False,False,True,[],[],[],[]
urtica dioica|efloras.flora_of_pakistan,urtica dioica,efloras.flora_of_pakistan,corolla tube min. length [cm],0,0,0,0,0,False,False,False,True,[],[],[],[]
urtica dioica|efloras.flora_of_pakistan,urtica dioica,efloras.flora_of_pakistan,corolla tube max. length [cm],0,0,0,0,0,False,False,False,True,[],[],[],[]
urtica dioica|efloras.flora_of_pakistan,urtica dioica,efloras.flora_of_pakistan,corolla tube lipped,0,0,0,0,0,False,False,False,True,[],[],[],[]
urtica dioica|efloras.flora_of_pakistan,urtica dioica,efloras.flora_of_pakistan,labellum colour,0,0,0,0,0,False,False,False,True,[],[],[],[]
urtica dioica|efloras.flora_of_pakistan,urtica dioica,efloras.flora_of_pakistan,labellum min. width [cm],0,0,0,0,0,False,False,False,True,[],[],[],[]
urtica dioica|efloras.flora_of_pakistan,urtica dioica,efloras.flora_of_pakistan,labellum max. width [cm],0,0,0,0,0,False,False,False,True,[],[],[],[]
urtica dioica|efloras.flora_of_pakistan,urtica dioica,efloras.flora_of_pakistan,spur min. length [cm],0,0,0,0,0,False,False,False,True,[],[],[],[]
urtica dioica|efloras.flora_of_pakistan,urtica dioica,efloras.flora_of_pakistan,spur max. length [cm],0,0,0,0,0,False,False,False,True,[],[],[],[]
urtica dioica|efloras.flora_of_pakistan,urtica dioica,efloras.flora_of_pakistan,reproduction architecture,0,0,0,0,0,False,False,False,True,[],[],[],[]
urtica dioica|efloras.flora_of_pakistan,urtica dioica,efloras.flora_of_pakistan,reproduction system,1,0,0,1,1,True,True,True,True,"[""dioecious""]","[""dioecious""]",[],[]
urtica dioica|efloras.flora_of_pakistan,urtica dioica,efloras.flora_of_pakistan,stamen number,0,0,0,0,0,False,False,False,True,[],[],[],[]
urtica dioica|efloras.flora_of_pakistan,urtica dioica,efloras.flora_of_pakistan,stamen arrangement,0,0,0,0,0,False,False,False,True,[],[],[],[]
urtica dioica|efloras.flora_of_pakistan,urtica dioica,efloras.flora_of_pakistan,stamenoid number,0,0,0,0,0,False,False,False,True,[],[],[],[]
urtica dioica|efloras.flora_of_pakistan,urtica dioica,efloras.flora_of_pakistan,stamen min. length [cm],0,0,0,0,0,False,False,False,True,[],[],[],[]
urtica dioica|efloras.flora_of_pakistan,urtica dioica,efloras.flora_of_pakistan,stamen max. length [cm],0,0,0,0,0,False,False,False,True,[],[],[],[]
urtica dioica|efloras.flora_of_pakistan,urtica dioica,efloras.flora_of_pakistan,staminodium,0,0,0,0,0,False,False,False,True,[],[],[],[]
urtica dioica|efloras.flora_of_pakistan,urtica dioica,efloras.flora_of_pakistan,pollen colour,0,0,0,0,0,False,False,False,True,[],[],[],[]
urtica dioica|efloras.flora_of_pakistan,urtica dioica,efloras.flora_of_pakistan,carpel/ovary number,0,0,0,0,0,False,False,False,True,[],[],[],[]
urtica dioica|efloras.flora_of_pakistan,urtica dioica,efloras.flora_of_pakistan,gynoecium arrangement,0,0,0,0,0,False,False,False,True,[],[],[],[]
urtica dioica|efloras.flora_of_pakistan,urtica dioica,efloras.flora_of_pakistan,heterostyly,0,0,0,0,0,False,False,False,True,[],[],[],[]
urtica dioica|efloras.flora_of_pakistan,urtica dioica,efloras.flora_of_pakistan,pollination,0,0,0,0,0,False,False,False,True,[],[],[],[]
urtica dioica|efloras.flora_of_pakistan,urtica dioica,efloras.flora_of_pakistan,reward,0,0,0,0,0,False,False,False,True,[],[],[],[]
urtica dioica|efloras.flora_of_pakistan,urtica dioica,efloras.flora_of_pakistan,fruit type,0,0,1,1,0,True,False,True,False,"[""achene""]",[],[],"[""achene""]"
urtica dioica|efloras.flora_of_pakistan,urtica dioica,efloras.flora_of_pakistan,fruit structure,0,0,0,0,0,False,False,False,True,[],[],[],[]
urtica dioica|efloras.flora_of_pakistan,urtica dioica,efloras.flora_of_pakistan,fruit dehiscence,0,0,0,0,0,False,False,False,True,[],[],[],[]
urtica dioica|efloras.flora_of_pakistan,urtica dioica,efloras.flora_of_pakistan,fruit shape,0,0,2,2,0,True,False,True,False,"[""ellipsoid"", ""ovoid""]",[],[],"[""ellipsoid"", ""ovoid""]"
urtica dioica|efloras.flora_of_pakistan,urtica dioica,efloras.flora_of_pakistan,fruit colour,0,0,0,0,0,False,False,False,True,[],[],[],[]
urtica dioica|efloras.flora_of_pakistan,urtica dioica,efloras.flora_of_pakistan,seed colour,2,0,0,2,2,True,True,True,True,"[""brown"", ""green""]","[""brown"", ""green""]",[],[]
urtica dioica|efloras.flora_of_pakistan,urtica dioica,efloras.flora_of_pakistan,seeds per fruit min,0,0,0,0,0,False,False,False,True,[],[],[],[]
urtica dioica|efloras.flora_of_pakistan,urtica dioica,efloras.flora_of_pakistan,seeds per fruit max,0,0,0,0,0,False,False,False,True,[],[],[],[]
urtica dioica|efloras.flora_of_pakistan,urtica dioica,efloras.flora_of_pakistan,seeds per fruit min.,0,0,0,0,0,False,False,False,True,[],[],[],[]
urtica dioica|efloras.flora_of_pakistan,urtica dioica,efloras.flora_of_pakistan,seed min. width [mm],0,0,0,0,0,False,False,False,True,[],[],[],[]
urtica dioica|efloras.flora_of_pakistan,urtica dioica,efloras.flora_of_pakistan,seed max. width [mm],0,0,0,0,0,False,False,False,True,[],[],[],[]
urtica dioica|efloras.flora_of_pakistan,urtica dioica,efloras.flora_of_pakistan,seed min. length [mm],1,0,0,1,1,True,True,True,True,"[""1.5""]","[""1.5""]",[],[]
urtica dioica|efloras.flora_of_pakistan,urtica dioica,efloras.flora_of_pakistan,seed max. length [mm],1,0,0,1,1,True,True,True,True,"[""1.5""]","[""1.5""]",[],[]
urtica dioica|efloras.flora_of_pakistan,urtica dioica,efloras.flora_of_pakistan,seed min. diameter [mm],0,0,0,0,0,False,False,False,True,[],[],[],[]
urtica dioica|efloras.flora_of_pakistan,urtica dioica,efloras.flora_of_pakistan,seed max. diameter [mm],0,0,0,0,0,False,False,False,True,[],[],[],[]
urtica dioica|efloras.flora_of_pakistan,urtica dioica,efloras.flora_of_pakistan,dispersal mode,0,0,0,0,0,False,False,False,True,[],[],[],[]
urtica dioica|efloras.flora_of_pakistan,urtica dioica,efloras.flora_of_pakistan,ploidy level (2n),0,0,0,0,0,False,False,False,True,[],[],[],[]
urtica dioica|efloras.flora_of_pakistan,urtica dioica,efloras.flora_of_pakistan,root min. depth [cm],0,0,0,0,0,False,False,False,True,[],[],[],[]
urtica dioica|efloras.flora_of_pakistan,urtica dioica,efloras.flora_of_pakistan,root max. depth [cm],0,0,0,0,0,False,False,False,True,[],[],[],[]
vaccinium myrtillus|efloras.flora_of_china,vaccinium myrtillus,efloras.flora_of_china,life form,1,0,0,1,1,True,True,True,True,"[""perennial""]","[""perennial""]",[],[]
vaccinium myrtillus|efloras.flora_of_china,vaccinium myrtillus,efloras.flora_of_china,habitat,1,0,0,1,1,True,True,True,True,"[""terrestrial""]","[""terrestrial""]",[],[]
vaccinium myrtillus|efloras.flora_of_china,vaccinium myrtillus,efloras.flora_of_china,habit,2,0,0,2,2,True,True,True,True,"[""erect leafy/tussock"", ""shrub""]","[""erect leafy/tussock"", ""shrub""]",[],[]
vaccinium myrtillus|efloras.flora_of_china,vaccinium myrtillus,efloras.flora_of_china,clonality,3,0,0,3,3,True,True,True,True,"[""rhizomatous"", ""rhizome"", ""solitary plant""]","[""rhizomatous"", ""rhizome"", ""solitary plant""]",[],[]
vaccinium myrtillus|efloras.flora_of_china,vaccinium myrtillus,efloras.flora_of_china,perennial organ,2,0,0,2,2,True,True,True,True,"[""rhizome"", ""trunk""]","[""rhizome"", ""trunk""]",[],[]
vaccinium myrtillus|efloras.flora_of_china,vaccinium myrtillus,efloras.flora_of_china,plant min. height [m],1,0,0,1,1,True,True,True,True,"[""0.15""]","[""0.15""]",[],[]
vaccinium myrtillus|efloras.flora_of_china,vaccinium myrtillus,efloras.flora_of_china,plant max. height [m],1,0,0,1,1,True,True,True,True,"[""0.6""]","[""0.6""]",[],[]
vaccinium myrtillus|efloras.flora_of_china,vaccinium myrtillus,efloras.flora_of_china,indumentum,0,0,0,0,0,False,False,False,True,[],[],[],[]
vaccinium myrtillus|efloras.flora_of_china,vaccinium myrtillus,efloras.flora_of_china,spinescence,0,0,0,0,0,False,False,False,True,[],[],[],[]
vaccinium myrtillus|efloras.flora_of_china,vaccinium myrtillus,efloras.flora_of_china,succulence,0,0,0,0,0,False,False,False,True,[],[],[],[]
vaccinium myrtillus|efloras.flora_of_china,vaccinium myrtillus,efloras.flora_of_china,leaf arrangement,0,0,0,0,0,False,False,False,True,[],[],[],[]
vaccinium myrtillus|efloras.flora_of_china,vaccinium myrtillus,efloras.flora_of_china,leaf architecture,0,0,0,0,0,False,False,False,True,[],[],[],[]
vaccinium myrtillus|efloras.flora_of_china,vaccinium myrtillus,efloras.flora_of_china,leaf position,0,0,0,0,0,False,False,False,True,[],[],[],[]
vaccinium myrtillus|efloras.flora_of_china,vaccinium myrtillus,efloras.flora_of_china,leaf shape,4,0,0,4,4,True,True,True,True,"[""elliptic"", ""orbicular"", ""ovate"", ""rounded""]","[""elliptic"", ""orbicular"", ""ovate"", ""rounded""]",[],[]
vaccinium myrtillus|efloras.flora_of_china,vaccinium myrtillus,efloras.flora_of_china,leaf apex,3,0,0,3,3,True,True,True,True,"[""acute"", ""obtuse"", ""rounded""]","[""acute"", ""obtuse"", ""rounded""]",[],[]
vaccinium myrtillus|efloras.flora_of_china,vaccinium myrtillus,efloras.flora_of_china,leaf base,2,0,0,2,2,True,True,True,True,"[""cuneate"", ""rounded""]","[""cuneate"", ""rounded""]",[],[]
vaccinium myrtillus|efloras.flora_of_china,vaccinium myrtillus,efloras.flora_of_china,leaf margin,1,0,0,1,1,True,True,True,True,"[""serrulate""]","[""serrulate""]",[],[]
vaccinium myrtillus|efloras.flora_of_china,vaccinium myrtillus,efloras.flora_of_china,leaf min. width [cm],1,0,0,1,1,True,True,True,True,"[""0.6""]","[""0.6""]",[],[]
vaccinium myrtillus|efloras.flora_of_china,vaccinium myrtillus,efloras.flora_of_china,leaf max. width [cm],1,0,0,1,1,True,True,True,True,"[""1.6""]","[""1.6""]",[],[]
vaccinium myrtillus|efloras.flora_of_china,vaccinium myrtillus,efloras.flora_of_china,leaf min. length [cm],1,0,0,1,1,True,True,True,True,"[""1.0""]","[""1.0""]",[],[]
vaccinium myrtillus|efloras.flora_of_china,vaccinium myrtillus,efloras.flora_of_china,leaf max. length [cm],1,0,0,1,1,True,True,True,True,"[""3.0""]","[""3.0""]",[],[]
vaccinium myrtillus|efloras.flora_of_china,vaccinium myrtillus,efloras.flora_of_china,bract colour,0,0,0,0,0,False,False,False,True,[],[],[],[]
vaccinium myrtillus|efloras.flora_of_china,vaccinium myrtillus,efloras.flora_of_china,bracteole colour,0,0,0,0,0,False,False,False,True,[],[],[],[]
vaccinium myrtillus|efloras.flora_of_china,vaccinium myrtillus,efloras.flora_of_china,inflorescence arrangement,1,0,0,1,1,True,True,True,True,"[""single flower/solitary flower""]","[""single flower/solitary flower""]",[],[]
vaccinium myrtillus|efloras.flora_of_china,vaccinium myrtillus,efloras.flora_of_china,inflorescence orientation,1,0,0,1,1,True,True,True,True,"[""pendulous""]","[""pendulous""]",[],[]
vaccinium myrtillus|efloras.flora_of_china,vaccinium myrtillus,efloras.flora_of_china,flower sex,0,0,0,0,0,False,False,False,True,[],[],[],[]
vaccinium myrtillus|efloras.flora_of_china,vaccinium myrtillus,efloras.flora_of_china,flower architecture,0,0,0,0,0,False,False,False,True,[],[],[],[]
vaccinium myrtillus|efloras.flora_of_china,vaccinium myrtillus,efloras.flora_of_china,flower merosity,0,0,0,0,0,False,False,False,True,[],[],[],[]
vaccinium myrtillus|efloras.flora_of_china,vaccinium myrtillus,efloras.flora_of_china,flower symmetry,0,0,0,0,0,False,False,False,True,[],[],[],[]
vaccinium myrtillus|efloras.flora_of_china,vaccinium myrtillus,efloras.flora_of_china,flower shape,0,0,0,0,0,False,False,False,True,[],[],[],[]
vaccinium myrtillus|efloras.flora_of_china,vaccinium myrtillus,efloras.flora_of_china,flower colour,0,0,0,0,0,False,False,False,True,[],[],[],[]
vaccinium myrtillus|efloras.flora_of_china,vaccinium myrtillus,efloras.flora_of_china,flower orientation,1,0,0,1,1,True,True,True,True,"[""pendulous""]","[""pendulous""]",[],[]
vaccinium myrtillus|efloras.flora_of_china,vaccinium myrtillus,efloras.flora_of_china,petal fusion,0,1,0,0,1,False,True,True,False,[],"[""fusion""]","[""fusion""]",[]
vaccinium myrtillus|efloras.flora_of_china,vaccinium myrtillus,efloras.flora_of_china,petal colour,0,0,0,0,0,False,False,False,True,[],[],[],[]
vaccinium myrtillus|efloras.flora_of_china,vaccinium myrtillus,efloras.flora_of_china,petal min. width [cm],0,0,0,0,0,False,False,False,True,[],[],[],[]
vaccinium myrtillus|efloras.flora_of_china,vaccinium myrtillus,efloras.flora_of_china,petal max. width [cm],0,0,0,0,0,False,False,False,True,[],[],[],[]
vaccinium myrtillus|efloras.flora_of_china,vaccinium myrtillus,efloras.flora_of_china,calyx colour,0,0,0,0,0,False,False,False,True,[],[],[],[]
vaccinium myrtillus|efloras.flora_of_china,vaccinium myrtillus,efloras.flora_of_china,calyx min. length [cm],0,0,0,0,0,False,False,False,True,[],[],[],[]
vaccinium myrtillus|efloras.flora_of_china,vaccinium myrtillus,efloras.flora_of_china,calyx max. length [cm],0,0,0,0,0,False,False,False,True,[],[],[],[]
vaccinium myrtillus|efloras.flora_of_china,vaccinium myrtillus,efloras.flora_of_china,corolla colour,2,0,0,2,2,True,True,True,True,"[""green"", ""pink""]","[""green"", ""pink""]",[],[]
vaccinium myrtillus|efloras.flora_of_china,vaccinium myrtillus,efloras.flora_of_china,corolla tube min. length [cm],1,0,0,1,1,True,True,True,True,"[""0.4""]","[""0.4""]",[],[]
vaccinium myrtillus|efloras.flora_of_china,vaccinium myrtillus,efloras.flora_of_china,corolla tube max. length [cm],1,0,0,1,1,True,True,True,True,"[""0.6""]","[""0.6""]",[],[]
vaccinium myrtillus|efloras.flora_of_china,vaccinium myrtillus,efloras.flora_of_china,corolla tube lipped,0,0,0,0,0,False,False,False,True,[],[],[],[]
vaccinium myrtillus|efloras.flora_of_china,vaccinium myrtillus,efloras.flora_of_china,labellum colour,0,0,0,0,0,False,False,False,True,[],[],[],[]
vaccinium myrtillus|efloras.flora_of_china,vaccinium myrtillus,efloras.flora_of_china,labellum min. width [cm],0,0,0,0,0,False,False,False,True,[],[],[],[]
vaccinium myrtillus|efloras.flora_of_china,vaccinium myrtillus,efloras.flora_of_china,labellum max. width [cm],0,0,0,0,0,False,False,False,True,[],[],[],[]
vaccinium myrtillus|efloras.flora_of_china,vaccinium myrtillus,efloras.flora_of_china,spur min. length [cm],0,0,0,0,0,False,False,False,True,[],[],[],[]
vaccinium myrtillus|efloras.flora_of_china,vaccinium myrtillus,efloras.flora_of_china,spur max. length [cm],0,0,0,0,0,False,False,False,True,[],[],[],[]
vaccinium myrtillus|efloras.flora_of_china,vaccinium myrtillus,efloras.flora_of_china,reproduction architecture,0,0,0,0,0,False,False,False,True,[],[],[],[]
vaccinium myrtillus|efloras.flora_of_china,vaccinium myrtillus,efloras.flora_of_china,reproduction system,0,0,0,0,0,False,False,False,True,[],[],[],[]
vaccinium myrtillus|efloras.flora_of_china,vaccinium myrtillus,efloras.flora_of_china,stamen number,0,0,0,0,0,False,False,False,True,[],[],[],[]
vaccinium myrtillus|efloras.flora_of_china,vaccinium myrtillus,efloras.flora_of_china,stamen arrangement,0,0,0,0,0,False,False,False,True,[],[],[],[]
vaccinium myrtillus|efloras.flora_of_china,vaccinium myrtillus,efloras.flora_of_china,stamenoid number,0,0,0,0,0,False,False,False,True,[],[],[],[]
vaccinium myrtillus|efloras.flora_of_china,vaccinium myrtillus,efloras.flora_of_china,stamen min. length [cm],0,0,0,0,0,False,False,False,True,[],[],[],[]
vaccinium myrtillus|efloras.flora_of_china,vaccinium myrtillus,efloras.flora_of_china,stamen max. length [cm],0,0,0,0,0,False,False,False,True,[],[],[],[]
vaccinium myrtillus|efloras.flora_of_china,vaccinium myrtillus,efloras.flora_of_china,staminodium,0,0,0,0,0,False,False,False,True,[],[],[],[]
vaccinium myrtillus|efloras.flora_of_china,vaccinium myrtillus,efloras.flora_of_china,pollen colour,0,0,0,0,0,False,False,False,True,[],[],[],[]
vaccinium myrtillus|efloras.flora_of_china,vaccinium myrtillus,efloras.flora_of_china,carpel/ovary number,0,0,0,0,0,False,False,False,True,[],[],[],[]
vaccinium myrtillus|efloras.flora_of_china,vaccinium myrtillus,efloras.flora_of_china,gynoecium arrangement,0,0,0,0,0,False,False,False,True,[],[],[],[]
vaccinium myrtillus|efloras.flora_of_china,vaccinium myrtillus,efloras.flora_of_china,heterostyly,0,0,0,0,0,False,False,False,True,[],[],[],[]
vaccinium myrtillus|efloras.flora_of_china,vaccinium myrtillus,efloras.flora_of_china,pollination,0,0,0,0,0,False,False,False,True,[],[],[],[]
vaccinium myrtillus|efloras.flora_of_china,vaccinium myrtillus,efloras.flora_of_china,reward,0,0,0,0,0,False,False,False,True,[],[],[],[]
vaccinium myrtillus|efloras.flora_of_china,vaccinium myrtillus,efloras.flora_of_china,fruit type,0,0,1,1,0,True,False,True,False,"[""berry""]",[],[],"[""berry""]"
vaccinium myrtillus|efloras.flora_of_china,vaccinium myrtillus,efloras.flora_of_china,fruit structure,0,0,0,0,0,False,False,False,True,[],[],[],[]
vaccinium myrtillus|efloras.flora_of_china,vaccinium myrtillus,efloras.flora_of_china,fruit dehiscence,0,0,0,0,0,False,False,False,True,[],[],[],[]
vaccinium myrtillus|efloras.flora_of_china,vaccinium myrtillus,efloras.flora_of_china,fruit shape,0,0,0,0,0,False,False,False,True,[],[],[],[]
vaccinium myrtillus|efloras.flora_of_china,vaccinium myrtillus,efloras.flora_of_china,fruit colour,0,0,0,0,0,False,False,False,True,[],[],[],[]
vaccinium myrtillus|efloras.flora_of_china,vaccinium myrtillus,efloras.flora_of_china,seed colour,0,0,0,0,0,False,False,False,True,[],[],[],[]
vaccinium myrtillus|efloras.flora_of_china,vaccinium myrtillus,efloras.flora_of_china,seeds per fruit min,0,0,0,0,0,False,False,False,True,[],[],[],[]
vaccinium myrtillus|efloras.flora_of_china,vaccinium myrtillus,efloras.flora_of_china,seeds per fruit max,0,0,0,0,0,False,False,False,True,[],[],[],[]
vaccinium myrtillus|efloras.flora_of_china,vaccinium myrtillus,efloras.flora_of_china,seeds per fruit min.,0,0,0,0,0,False,False,False,True,[],[],[],[]
vaccinium myrtillus|efloras.flora_of_china,vaccinium myrtillus,efloras.flora_of_china,seed min. width [mm],0,0,0,0,0,False,False,False,True,[],[],[],[]
vaccinium myrtillus|efloras.flora_of_china,vaccinium myrtillus,efloras.flora_of_china,seed max. width [mm],0,0,0,0,0,False,False,False,True,[],[],[],[]
vaccinium myrtillus|efloras.flora_of_china,vaccinium myrtillus,efloras.flora_of_china,seed min. length [mm],0,0,0,0,0,False,False,False,True,[],[],[],[]
vaccinium myrtillus|efloras.flora_of_china,vaccinium myrtillus,efloras.flora_of_china,seed max. length [mm],0,0,0,0,0,False,False,False,True,[],[],[],[]
vaccinium myrtillus|efloras.flora_of_china,vaccinium myrtillus,efloras.flora_of_china,seed min. diameter [mm],0,0,0,0,0,False,False,False,True,[],[],[],[]
vaccinium myrtillus|efloras.flora_of_china,vaccinium myrtillus,efloras.flora_of_china,seed max. diameter [mm],0,0,0,0,0,False,False,False,True,[],[],[],[]
vaccinium myrtillus|efloras.flora_of_china,vaccinium myrtillus,efloras.flora_of_china,dispersal mode,0,0,0,0,0,False,False,False,True,[],[],[],[]
vaccinium myrtillus|efloras.flora_of_china,vaccinium myrtillus,efloras.flora_of_china,ploidy level (2n),1,0,0,1,1,True,True,True,True,"[""24""]","[""24""]",[],[]
vaccinium myrtillus|efloras.flora_of_china,vaccinium myrtillus,efloras.flora_of_china,root min. depth [cm],0,0,0,0,0,False,False,False,True,[],[],[],[]
vaccinium myrtillus|efloras.flora_of_china,vaccinium myrtillus,efloras.flora_of_china,root max. depth [cm],0,0,0,0,0,False,False,False,True,[],[],[],[]
valeriana dioica|efloras.flora_of_pakistan,valeriana dioica,efloras.flora_of_pakistan,life form,0,0,0,0,0,False,False,False,True,[],[],[],[]
valeriana dioica|efloras.flora_of_pakistan,valeriana dioica,efloras.flora_of_pakistan,habitat,1,0,0,1,1,True,True,True,True,"[""terrestrial""]","[""terrestrial""]",[],[]
valeriana dioica|efloras.flora_of_pakistan,valeriana dioica,efloras.flora_of_pakistan,habit,2,0,0,2,2,True,True,True,True,"[""erect leafy"", ""geoxylices""]","[""erect leafy"", ""geoxylices""]",[],[]
valeriana dioica|efloras.flora_of_pakistan,valeriana dioica,efloras.flora_of_pakistan,clonality,2,0,0,2,2,True,True,True,True,"[""rhizomatous"", ""solitary plant""]","[""rhizomatous"", ""solitary plant""]",[],[]
valeriana dioica|efloras.flora_of_pakistan,valeriana dioica,efloras.flora_of_pakistan,perennial organ,2,0,0,2,2,True,True,True,True,"[""rhizome"", ""rootstock""]","[""rhizome"", ""rootstock""]",[],[]
valeriana dioica|efloras.flora_of_pakistan,valeriana dioica,efloras.flora_of_pakistan,plant min. height [m],1,0,0,1,1,True,True,True,True,"[""0.11""]","[""0.11""]",[],[]
valeriana dioica|efloras.flora_of_pakistan,valeriana dioica,efloras.flora_of_pakistan,plant max. height [m],1,0,0,1,1,True,True,True,True,"[""0.38""]","[""0.38""]",[],[]
valeriana dioica|efloras.flora_of_pakistan,valeriana dioica,efloras.flora_of_pakistan,indumentum,0,0,1,1,0,True,False,True,False,"[""glabrous""]",[],[],"[""glabrous""]"
valeriana dioica|efloras.flora_of_pakistan,valeriana dioica,efloras.flora_of_pakistan,spinescence,0,0,0,0,0,False,False,False,True,[],[],[],[]
valeriana dioica|efloras.flora_of_pakistan,valeriana dioica,efloras.flora_of_pakistan,succulence,0,0,0,0,0,False,False,False,True,[],[],[],[]
valeriana dioica|efloras.flora_of_pakistan,valeriana dioica,efloras.flora_of_pakistan,leaf arrangement,0,0,0,0,0,False,False,False,True,[],[],[],[]
valeriana dioica|efloras.flora_of_pakistan,valeriana dioica,efloras.flora_of_pakistan,leaf architecture,1,0,0,1,1,True,True,True,True,"[""partite""]","[""partite""]",[],[]
valeriana dioica|efloras.flora_of_pakistan,valeriana dioica,efloras.flora_of_pakistan,leaf position,0,0,0,0,0,False,False,False,True,[],[],[],[]
valeriana dioica|efloras.flora_of_pakistan,valeriana dioica,efloras.flora_of_pakistan,leaf shape,4,0,0,4,4,True,True,True,True,"[""elliptic"", ""oblong"", ""orbicular"", ""ovate""]","[""elliptic"", ""oblong"", ""orbicular"", ""ovate""]",[],[]
valeriana dioica|efloras.flora_of_pakistan,valeriana dioica,efloras.flora_of_pakistan,leaf apex,0,0,0,0,0,False,False,False,True,[],[],[],[]
valeriana dioica|efloras.flora_of_pakistan,valeriana dioica,efloras.flora_of_pakistan,leaf base,0,0,0,0,0,False,False,False,True,[],[],[],[]
valeriana dioica|efloras.flora_of_pakistan,valeriana dioica,efloras.flora_of_pakistan,leaf margin,3,0,0,3,3,True,True,True,True,"[""crenulate"", ""dentate"", ""entire""]","[""crenulate"", ""dentate"", ""entire""]",[],[]
valeriana dioica|efloras.flora_of_pakistan,valeriana dioica,efloras.flora_of_pakistan,leaf min. width [cm],1,0,0,1,1,True,True,True,True,"[""0.8""]","[""0.8""]",[],[]
valeriana dioica|efloras.flora_of_pakistan,valeriana dioica,efloras.flora_of_pakistan,leaf max. width [cm],1,0,0,1,1,True,True,True,True,"[""1.6""]","[""1.6""]",[],[]
valeriana dioica|efloras.flora_of_pakistan,valeriana dioica,efloras.flora_of_pakistan,leaf min. length [cm],1,0,0,1,1,True,True,True,True,"[""1.0""]","[""1.0""]",[],[]
valeriana dioica|efloras.flora_of_pakistan,valeriana dioica,efloras.flora_of_pakistan,leaf max. length [cm],1,0,0,1,1,True,True,True,True,"[""2.5""]","[""2.5""]",[],[]
valeriana dioica|efloras.flora_of_pakistan,valeriana dioica,efloras.flora_of_pakistan,bract colour,0,0,0,0,0,False,False,False,True,[],[],[],[]
valeriana dioica|efloras.flora_of_pakistan,valeriana dioica,efloras.flora_of_pakistan,bracteole colour,0,0,0,0,0,False,False,False,True,[],[],[],[]
valeriana dioica|efloras.flora_of_pakistan,valeriana dioica,efloras.flora_of_pakistan,inflorescence arrangement,2,0,0,2,2,True,True,True,True,"[""capitulum"", ""corymb""]","[""capitulum"", ""corymb""]",[],[]
valeriana dioica|efloras.flora_of_pakistan,valeriana dioica,efloras.flora_of_pakistan,inflorescence orientation,0,0,0,0,0,False,False,False,True,[],[],[],[]
valeriana dioica|efloras.flora_of_pakistan,valeriana dioica,efloras.flora_of_pakistan,flower sex,0,0,0,0,0,False,False,False,True,[],[],[],[]
valeriana dioica|efloras.flora_of_pakistan,valeriana dioica,efloras.flora_of_pakistan,flower architecture,0,0,0,0,0,False,False,False,True,[],[],[],[]
valeriana dioica|efloras.flora_of_pakistan,valeriana dioica,efloras.flora_of_pakistan,flower merosity,0,0,0,0,0,False,False,False,True,[],[],[],[]
valeriana dioica|efloras.flora_of_pakistan,valeriana dioica,efloras.flora_of_pakistan,flower symmetry,0,0,0,0,0,False,False,False,True,[],[],[],[]
valeriana dioica|efloras.flora_of_pakistan,valeriana dioica,efloras.flora_of_pakistan,flower shape,0,0,0,0,0,False,False,False,True,[],[],[],[]
valeriana dioica|efloras.flora_of_pakistan,valeriana dioica,efloras.flora_of_pakistan,flower colour,2,0,0,2,2,True,True,True,True,"[""pink"", ""white""]","[""pink"", ""white""]",[],[]
valeriana dioica|efloras.flora_of_pakistan,valeriana dioica,efloras.flora_of_pakistan,flower orientation,0,0,0,0,0,False,False,False,True,[],[],[],[]
valeriana dioica|efloras.flora_of_pakistan,valeriana dioica,efloras.flora_of_pakistan,petal fusion,0,0,0,0,0,False,False,False,True,[],[],[],[]
valeriana dioica|efloras.flora_of_pakistan,valeriana dioica,efloras.flora_of_pakistan,petal colour,0,0,0,0,0,False,False,False,True,[],[],[],[]
valeriana dioica|efloras.flora_of_pakistan,valeriana dioica,efloras.flora_of_pakistan,petal min. width [cm],0,0,0,0,0,False,False,False,True,[],[],[],[]
valeriana dioica|efloras.flora_of_pakistan,valeriana dioica,efloras.flora_of_pakistan,petal max. width [cm],0,0,0,0,0,False,False,False,True,[],[],[],[]
valeriana dioica|efloras.flora_of_pakistan,valeriana dioica,efloras.flora_of_pakistan,calyx colour,0,0,0,0,0,False,False,False,True,[],[],[],[]
valeriana dioica|efloras.flora_of_pakistan,valeriana dioica,efloras.flora_of_pakistan,calyx min. length [cm],0,0,0,0,0,False,False,False,True,[],[],[],[]
valeriana dioica|efloras.flora_of_pakistan,valeriana dioica,efloras.flora_of_pakistan,calyx max. length [cm],0,0,0,0,0,False,False,False,True,[],[],[],[]
valeriana dioica|efloras.flora_of_pakistan,valeriana dioica,efloras.flora_of_pakistan,corolla colour,0,0,0,0,0,False,False,False,True,[],[],[],[]
valeriana dioica|efloras.flora_of_pakistan,valeriana dioica,efloras.flora_of_pakistan,corolla tube min. length [cm],0,0,0,0,0,False,False,False,True,[],[],[],[]
valeriana dioica|efloras.flora_of_pakistan,valeriana dioica,efloras.flora_of_pakistan,corolla tube max. length [cm],0,0,0,0,0,False,False,False,True,[],[],[],[]
valeriana dioica|efloras.flora_of_pakistan,valeriana dioica,efloras.flora_of_pakistan,corolla tube lipped,0,0,0,0,0,False,False,False,True,[],[],[],[]
valeriana dioica|efloras.flora_of_pakistan,valeriana dioica,efloras.flora_of_pakistan,labellum colour,0,0,0,0,0,False,False,False,True,[],[],[],[]
valeriana dioica|efloras.flora_of_pakistan,valeriana dioica,efloras.flora_of_pakistan,labellum min. width [cm],0,0,0,0,0,False,False,False,True,[],[],[],[]
valeriana dioica|efloras.flora_of_pakistan,valeriana dioica,efloras.flora_of_pakistan,labellum max. width [cm],0,0,0,0,0,False,False,False,True,[],[],[],[]
valeriana dioica|efloras.flora_of_pakistan,valeriana dioica,efloras.flora_of_pakistan,spur min. length [cm],0,0,0,0,0,False,False,False,True,[],[],[],[]
valeriana dioica|efloras.flora_of_pakistan,valeriana dioica,efloras.flora_of_pakistan,spur max. length [cm],0,0,0,0,0,False,False,False,True,[],[],[],[]
valeriana dioica|efloras.flora_of_pakistan,valeriana dioica,efloras.flora_of_pakistan,reproduction architecture,0,0,0,0,0,False,False,False,True,[],[],[],[]
valeriana dioica|efloras.flora_of_pakistan,valeriana dioica,efloras.flora_of_pakistan,reproduction system,2,0,0,2,2,True,True,True,True,"[""dioecious"", ""monoecious""]","[""dioecious"", ""monoecious""]",[],[]
valeriana dioica|efloras.flora_of_pakistan,valeriana dioica,efloras.flora_of_pakistan,stamen number,0,0,0,0,0,False,False,False,True,[],[],[],[]
valeriana dioica|efloras.flora_of_pakistan,valeriana dioica,efloras.flora_of_pakistan,stamen arrangement,0,0,0,0,0,False,False,False,True,[],[],[],[]
valeriana dioica|efloras.flora_of_pakistan,valeriana dioica,efloras.flora_of_pakistan,stamenoid number,0,0,0,0,0,False,False,False,True,[],[],[],[]
valeriana dioica|efloras.flora_of_pakistan,valeriana dioica,efloras.flora_of_pakistan,stamen min. length [cm],0,0,0,0,0,False,False,False,True,[],[],[],[]
valeriana dioica|efloras.flora_of_pakistan,valeriana dioica,efloras.flora_of_pakistan,stamen max. length [cm],0,0,0,0,0,False,False,False,True,[],[],[],[]
valeriana dioica|efloras.flora_of_pakistan,valeriana dioica,efloras.flora_of_pakistan,staminodium,0,0,0,0,0,False,False,False,True,[],[],[],[]
valeriana dioica|efloras.flora_of_pakistan,valeriana dioica,efloras.flora_of_pakistan,pollen colour,0,0,0,0,0,False,False,False,True,[],[],[],[]
valeriana dioica|efloras.flora_of_pakistan,valeriana dioica,efloras.flora_of_pakistan,carpel/ovary number,0,0,0,0,0,False,False,False,True,[],[],[],[]
valeriana dioica|efloras.flora_of_pakistan,valeriana dioica,efloras.flora_of_pakistan,gynoecium arrangement,0,0,0,0,0,False,False,False,True,[],[],[],[]
valeriana dioica|efloras.flora_of_pakistan,valeriana dioica,efloras.flora_of_pakistan,heterostyly,0,0,0,0,0,False,False,False,True,[],[],[],[]
valeriana dioica|efloras.flora_of_pakistan,valeriana dioica,efloras.flora_of_pakistan,pollination,0,0,0,0,0,False,False,False,True,[],[],[],[]
valeriana dioica|efloras.flora_of_pakistan,valeriana dioica,efloras.flora_of_pakistan,reward,0,0,0,0,0,False,False,False,True,[],[],[],[]
valeriana dioica|efloras.flora_of_pakistan,valeriana dioica,efloras.flora_of_pakistan,fruit type,0,0,1,1,0,True,False,True,False,"[""achene""]",[],[],"[""achene""]"
valeriana dioica|efloras.flora_of_pakistan,valeriana dioica,efloras.flora_of_pakistan,fruit structure,0,0,0,0,0,False,False,False,True,[],[],[],[]
valeriana dioica|efloras.flora_of_pakistan,valeriana dioica,efloras.flora_of_pakistan,fruit dehiscence,0,0,0,0,0,False,False,False,True,[],[],[],[]
valeriana dioica|efloras.flora_of_pakistan,valeriana dioica,efloras.flora_of_pakistan,fruit shape,0,0,0,0,0,False,False,False,True,[],[],[],[]
valeriana dioica|efloras.flora_of_pakistan,valeriana dioica,efloras.flora_of_pakistan,fruit colour,0,0,0,0,0,False,False,False,True,[],[],[],[]
valeriana dioica|efloras.flora_of_pakistan,valeriana dioica,efloras.flora_of_pakistan,seed colour,0,0,0,0,0,False,False,False,True,[],[],[],[]
valeriana dioica|efloras.flora_of_pakistan,valeriana dioica,efloras.flora_of_pakistan,seeds per fruit min,0,0,0,0,0,False,False,False,True,[],[],[],[]
valeriana dioica|efloras.flora_of_pakistan,valeriana dioica,efloras.flora_of_pakistan,seeds per fruit max,0,0,0,0,0,False,False,False,True,[],[],[],[]
valeriana dioica|efloras.flora_of_pakistan,valeriana dioica,efloras.flora_of_pakistan,seeds per fruit min.,0,0,0,0,0,False,False,False,True,[],[],[],[]
valeriana dioica|efloras.flora_of_pakistan,valeriana dioica,efloras.flora_of_pakistan,seed min. width [mm],0,0,0,0,0,False,False,False,True,[],[],[],[]
valeriana dioica|efloras.flora_of_pakistan,valeriana dioica,efloras.flora_of_pakistan,seed max. width [mm],0,0,0,0,0,False,False,False,True,[],[],[],[]
valeriana dioica|efloras.flora_of_pakistan,valeriana dioica,efloras.flora_of_pakistan,seed min. length [mm],1,0,0,1,1,True,True,True,True,"[""2.5""]","[""2.5""]",[],[]
valeriana dioica|efloras.flora_of_pakistan,valeriana dioica,efloras.flora_of_pakistan,seed max. length [mm],1,0,0,1,1,True,True,True,True,"[""3.0""]","[""3.0""]",[],[]
valeriana dioica|efloras.flora_of_pakistan,valeriana dioica,efloras.flora_of_pakistan,seed min. diameter [mm],0,0,0,0,0,False,False,False,True,[],[],[],[]
valeriana dioica|efloras.flora_of_pakistan,valeriana dioica,efloras.flora_of_pakistan,seed max. diameter [mm],0,0,0,0,0,False,False,False,True,[],[],[],[]
valeriana dioica|efloras.flora_of_pakistan,valeriana dioica,efloras.flora_of_pakistan,dispersal mode,0,0,0,0,0,False,False,False,True,[],[],[],[]
valeriana dioica|efloras.flora_of_pakistan,valeriana dioica,efloras.flora_of_pakistan,ploidy level (2n),0,0,0,0,0,False,False,False,True,[],[],[],[]
valeriana dioica|efloras.flora_of_pakistan,valeriana dioica,efloras.flora_of_pakistan,root min. depth [cm],0,0,0,0,0,False,False,False,True,[],[],[],[]
valeriana dioica|efloras.flora_of_pakistan,valeriana dioica,efloras.flora_of_pakistan,root max. depth [cm],0,0,0,0,0,False,False,False,True,[],[],[],[]
agrostis stolonifera|efloras.flora_of_pakistan,agrostis stolonifera,efloras.flora_of_pakistan,life form,1,0,0,1,1,True,True,True,True,"[""perennial""]","[""perennial""]",[],[]
agrostis stolonifera|efloras.flora_of_pakistan,agrostis stolonifera,efloras.flora_of_pakistan,habitat,1,0,0,1,1,True,True,True,True,"[""terrestrial""]","[""terrestrial""]",[],[]
agrostis stolonifera|efloras.flora_of_pakistan,agrostis stolonifera,efloras.flora_of_pakistan,habit,4,0,0,4,4,True,True,True,True,"[""caespitose"", ""erect leafy/tussock"", ""stoloniferous"", ""tussock""]","[""caespitose"", ""erect leafy/tussock"", ""stoloniferous"", ""tussock""]",[],[]
agrostis stolonifera|efloras.flora_of_pakistan,agrostis stolonifera,efloras.flora_of_pakistan,clonality,2,0,0,2,2,True,True,True,True,"[""rhizomatous"", ""stoloniferous""]","[""rhizomatous"", ""stoloniferous""]",[],[]
agrostis stolonifera|efloras.flora_of_pakistan,agrostis stolonifera,efloras.flora_of_pakistan,perennial organ,2,0,0,2,2,True,True,True,True,"[""rhizome"", ""stolon""]","[""rhizome"", ""stolon""]",[],[]
agrostis stolonifera|efloras.flora_of_pakistan,agrostis stolonifera,efloras.flora_of_pakistan,plant min. height [m],0,0,0,0,0,False,False,False,True,[],[],[],[]
agrostis stolonifera|efloras.flora_of_pakistan,agrostis stolonifera,efloras.flora_of_pakistan,plant max. height [m],0,0,0,0,0,False,False,False,True,[],[],[],[]
agrostis stolonifera|efloras.flora_of_pakistan,agrostis stolonifera,efloras.flora_of_pakistan,indumentum,1,0,0,1,1,True,True,True,True,"[""glabrous""]","[""glabrous""]",[],[]
agrostis stolonifera|efloras.flora_of_pakistan,agrostis stolonifera,efloras.flora_of_pakistan,spinescence,0,0,0,0,0,False,False,False,True,[],[],[],[]
agrostis stolonifera|efloras.flora_of_pakistan,agrostis stolonifera,efloras.flora_of_pakistan,succulence,0,0,0,0,0,False,False,False,True,[],[],[],[]
agrostis stolonifera|efloras.flora_of_pakistan,agrostis stolonifera,efloras.flora_of_pakistan,leaf arrangement,0,0,0,0,0,False,False,False,True,[],[],[],[]
agrostis stolonifera|efloras.flora_of_pakistan,agrostis stolonifera,efloras.flora_of_pakistan,leaf architecture,1,0,0,1,1,True,True,True,True,"[""flat""]","[""flat""]",[],[]
agrostis stolonifera|efloras.flora_of_pakistan,agrostis stolonifera,efloras.flora_of_pakistan,leaf position,0,0,0,0,0,False,False,False,True,[],[],[],[]
agrostis stolonifera|efloras.flora_of_pakistan,agrostis stolonifera,efloras.flora_of_pakistan,leaf shape,0,0,0,0,0,False,False,False,True,[],[],[],[]
agrostis stolonifera|efloras.flora_of_pakistan,agrostis stolonifera,efloras.flora_of_pakistan,leaf apex,0,0,0,0,0,False,False,False,True,[],[],[],[]
agrostis stolonifera|efloras.flora_of_pakistan,agrostis stolonifera,efloras.flora_of_pakistan,leaf base,0,0,0,0,0,False,False,False,True,[],[],[],[]
agrostis stolonifera|efloras.flora_of_pakistan,agrostis stolonifera,efloras.flora_of_pakistan,leaf margin,0,0,0,0,0,False,False,False,True,[],[],[],[]
agrostis stolonifera|efloras.flora_of_pakistan,agrostis stolonifera,efloras.flora_of_pakistan,leaf min. width [cm],1,0,0,1,1,True,True,True,True,"[""0.05""]","[""0.05""]",[],[]
agrostis stolonifera|efloras.flora_of_pakistan,agrostis stolonifera,efloras.flora_of_pakistan,leaf max. width [cm],1,0,0,1,1,True,True,True,True,"[""0.5""]","[""0.5""]",[],[]
agrostis stolonifera|efloras.flora_of_pakistan,agrostis stolonifera,efloras.flora_of_pakistan,leaf min. length [cm],1,0,0,1,1,True,True,True,True,"[""1.0""]","[""1.0""]",[],[]
agrostis stolonifera|efloras.flora_of_pakistan,agrostis stolonifera,efloras.flora_of_pakistan,leaf max. length [cm],1,0,0,1,1,True,True,True,True,"[""10.0""]","[""10.0""]",[],[]
agrostis stolonifera|efloras.flora_of_pakistan,agrostis stolonifera,efloras.flora_of_pakistan,bract colour,0,0,0,0,0,False,False,False,True,[],[],[],[]
agrostis stolonifera|efloras.flora_of_pakistan,agrostis stolonifera,efloras.flora_of_pakistan,bracteole colour,0,0,0,0,0,False,False,False,True,[],[],[],[]
agrostis stolonifera|efloras.flora_of_pakistan,agrostis stolonifera,efloras.flora_of_pakistan,inflorescence arrangement,0,0,3,3,0,True,False,True,False,"[""clustered"", ""panicle"", ""spikelet""]",[],[],"[""clustered"", ""panicle"", ""spikelet""]"
agrostis stolonifera|efloras.flora_of_pakistan,agrostis stolonifera,efloras.flora_of_pakistan,inflorescence orientation,0,0,0,0,0,False,False,False,True,[],[],[],[]
agrostis stolonifera|efloras.flora_of_pakistan,agrostis stolonifera,efloras.flora_of_pakistan,flower sex,0,0,0,0,0,False,False,False,True,[],[],[],[]
agrostis stolonifera|efloras.flora_of_pakistan,agrostis stolonifera,efloras.flora_of_pakistan,flower architecture,0,0,0,0,0,False,False,False,True,[],[],[],[]
agrostis stolonifera|efloras.flora_of_pakistan,agrostis stolonifera,efloras.flora_of_pakistan,flower merosity,0,0,0,0,0,False,False,False,True,[],[],[],[]
agrostis stolonifera|efloras.flora_of_pakistan,agrostis stolonifera,efloras.flora_of_pakistan,flower symmetry,0,0,0,0,0,False,False,False,True,[],[],[],[]
agrostis stolonifera|efloras.flora_of_pakistan,agrostis stolonifera,efloras.flora_of_pakistan,flower shape,0,0,0,0,0,False,False,False,True,[],[],[],[]
agrostis stolonifera|efloras.flora_of_pakistan,agrostis stolonifera,efloras.flora_of_pakistan,flower colour,0,0,0,0,0,False,False,False,True,[],[],[],[]
agrostis stolonifera|efloras.flora_of_pakistan,agrostis stolonifera,efloras.flora_of_pakistan,flower orientation,0,0,0,0,0,False,False,False,True,[],[],[],[]
agrostis stolonifera|efloras.flora_of_pakistan,agrostis stolonifera,efloras.flora_of_pakistan,petal fusion,0,0,0,0,0,False,False,False,True,[],[],[],[]
agrostis stolonifera|efloras.flora_of_pakistan,agrostis stolonifera,efloras.flora_of_pakistan,petal colour,0,0,0,0,0,False,False,False,True,[],[],[],[]
agrostis stolonifera|efloras.flora_of_pakistan,agrostis stolonifera,efloras.flora_of_pakistan,petal min. width [cm],0,0,0,0,0,False,False,False,True,[],[],[],[]
agrostis stolonifera|efloras.flora_of_pakistan,agrostis stolonifera,efloras.flora_of_pakistan,petal max. width [cm],0,0,0,0,0,False,False,False,True,[],[],[],[]
agrostis stolonifera|efloras.flora_of_pakistan,agrostis stolonifera,efloras.flora_of_pakistan,calyx colour,0,0,0,0,0,False,False,False,True,[],[],[],[]
agrostis stolonifera|efloras.flora_of_pakistan,agrostis stolonifera,efloras.flora_of_pakistan,calyx min. length [cm],0,0,0,0,0,False,False,False,True,[],[],[],[]
agrostis stolonifera|efloras.flora_of_pakistan,agrostis stolonifera,efloras.flora_of_pakistan,calyx max. length [cm],0,0,0,0,0,False,False,False,True,[],[],[],[]
agrostis stolonifera|efloras.flora_of_pakistan,agrostis stolonifera,efloras.flora_of_pakistan,corolla colour,0,0,0,0,0,False,False,False,True,[],[],[],[]
agrostis stolonifera|efloras.flora_of_pakistan,agrostis stolonifera,efloras.flora_of_pakistan,corolla tube min. length [cm],0,0,0,0,0,False,False,False,True,[],[],[],[]
agrostis stolonifera|efloras.flora_of_pakistan,agrostis stolonifera,efloras.flora_of_pakistan,corolla tube max. length [cm],0,0,0,0,0,False,False,False,True,[],[],[],[]
agrostis stolonifera|efloras.flora_of_pakistan,agrostis stolonifera,efloras.flora_of_pakistan,corolla tube lipped,0,0,0,0,0,False,False,False,True,[],[],[],[]
agrostis stolonifera|efloras.flora_of_pakistan,agrostis stolonifera,efloras.flora_of_pakistan,labellum colour,0,0,0,0,0,False,False,False,True,[],[],[],[]
agrostis stolonifera|efloras.flora_of_pakistan,agrostis stolonifera,efloras.flora_of_pakistan,labellum min. width [cm],0,0,0,0,0,False,False,False,True,[],[],[],[]
agrostis stolonifera|efloras.flora_of_pakistan,agrostis stolonifera,efloras.flora_of_pakistan,labellum max. width [cm],0,0,0,0,0,False,False,False,True,[],[],[],[]
agrostis stolonifera|efloras.flora_of_pakistan,agrostis stolonifera,efloras.flora_of_pakistan,spur min. length [cm],0,0,0,0,0,False,False,False,True,[],[],[],[]
agrostis stolonifera|efloras.flora_of_pakistan,agrostis stolonifera,efloras.flora_of_pakistan,spur max. length [cm],0,0,0,0,0,False,False,False,True,[],[],[],[]
agrostis stolonifera|efloras.flora_of_pakistan,agrostis stolonifera,efloras.flora_of_pakistan,reproduction architecture,0,0,0,0,0,False,False,False,True,[],[],[],[]
agrostis stolonifera|efloras.flora_of_pakistan,agrostis stolonifera,efloras.flora_of_pakistan,reproduction system,0,0,0,0,0,False,False,False,True,[],[],[],[]
agrostis stolonifera|efloras.flora_of_pakistan,agrostis stolonifera,efloras.flora_of_pakistan,stamen number,0,0,0,0,0,False,False,False,True,[],[],[],[]
agrostis stolonifera|efloras.flora_of_pakistan,agrostis stolonifera,efloras.flora_of_pakistan,stamen arrangement,0,0,0,0,0,False,False,False,True,[],[],[],[]
agrostis stolonifera|efloras.flora_of_pakistan,agrostis stolonifera,efloras.flora_of_pakistan,stamenoid number,0,0,0,0,0,False,False,False,True,[],[],[],[]
agrostis stolonifera|efloras.flora_of_pakistan,agrostis stolonifera,efloras.flora_of_pakistan,stamen min. length [cm],0,0,0,0,0,False,False,False,True,[],[],[],[]
agrostis stolonifera|efloras.flora_of_pakistan,agrostis stolonifera,efloras.flora_of_pakistan,stamen max. length [cm],0,0,0,0,0,False,False,False,True,[],[],[],[]
agrostis stolonifera|efloras.flora_of_pakistan,agrostis stolonifera,efloras.flora_of_pakistan,staminodium,0,0,0,0,0,False,False,False,True,[],[],[],[]
agrostis stolonifera|efloras.flora_of_pakistan,agrostis stolonifera,efloras.flora_of_pakistan,pollen colour,0,0,0,0,0,False,False,False,True,[],[],[],[]
agrostis stolonifera|efloras.flora_of_pakistan,agrostis stolonifera,efloras.flora_of_pakistan,carpel/ovary number,0,0,0,0,0,False,False,False,True,[],[],[],[]
agrostis stolonifera|efloras.flora_of_pakistan,agrostis stolonifera,efloras.flora_of_pakistan,gynoecium arrangement,0,0,0,0,0,False,False,False,True,[],[],[],[]
agrostis stolonifera|efloras.flora_of_pakistan,agrostis stolonifera,efloras.flora_of_pakistan,heterostyly,0,0,0,0,0,False,False,False,True,[],[],[],[]
agrostis stolonifera|efloras.flora_of_pakistan,agrostis stolonifera,efloras.flora_of_pakistan,pollination,0,0,0,0,0,False,False,False,True,[],[],[],[]
agrostis stolonifera|efloras.flora_of_pakistan,agrostis stolonifera,efloras.flora_of_pakistan,reward,0,0,0,0,0,False,False,False,True,[],[],[],[]
agrostis stolonifera|efloras.flora_of_pakistan,agrostis stolonifera,efloras.flora_of_pakistan,fruit type,0,0,0,0,0,False,False,False,True,[],[],[],[]
agrostis stolonifera|efloras.flora_of_pakistan,agrostis stolonifera,efloras.flora_of_pakistan,fruit structure,0,0,0,0,0,False,False,False,True,[],[],[],[]
agrostis stolonifera|efloras.flora_of_pakistan,agrostis stolonifera,efloras.flora_of_pakistan,fruit dehiscence,0,0,0,0,0,False,False,False,True,[],[],[],[]
agrostis stolonifera|efloras.flora_of_pakistan,agrostis stolonifera,efloras.flora_of_pakistan,fruit shape,0,0,0,0,0,False,False,False,True,[],[],[],[]
agrostis stolonifera|efloras.flora_of_pakistan,agrostis stolonifera,efloras.flora_of_pakistan,fruit colour,0,0,0,0,0,False,False,False,True,[],[],[],[]
agrostis stolonifera|efloras.flora_of_pakistan,agrostis stolonifera,efloras.flora_of_pakistan,seed colour,0,0,0,0,0,False,False,False,True,[],[],[],[]
agrostis stolonifera|efloras.flora_of_pakistan,agrostis stolonifera,efloras.flora_of_pakistan,seeds per fruit min,0,0,0,0,0,False,False,False,True,[],[],[],[]
agrostis stolonifera|efloras.flora_of_pakistan,agrostis stolonifera,efloras.flora_of_pakistan,seeds per fruit max,0,0,0,0,0,False,False,False,True,[],[],[],[]
agrostis stolonifera|efloras.flora_of_pakistan,agrostis stolonifera,efloras.flora_of_pakistan,seeds per fruit min.,0,0,0,0,0,False,False,False,True,[],[],[],[]
agrostis stolonifera|efloras.flora_of_pakistan,agrostis stolonifera,efloras.flora_of_pakistan,seed min. width [mm],0,0,0,0,0,False,False,False,True,[],[],[],[]
agrostis stolonifera|efloras.flora_of_pakistan,agrostis stolonifera,efloras.flora_of_pakistan,seed max. width [mm],0,0,0,0,0,False,False,False,True,[],[],[],[]
agrostis stolonifera|efloras.flora_of_pakistan,agrostis stolonifera,efloras.flora_of_pakistan,seed min. length [mm],0,0,0,0,0,False,False,False,True,[],[],[],[]
agrostis stolonifera|efloras.flora_of_pakistan,agrostis stolonifera,efloras.flora_of_pakistan,seed max. length [mm],0,0,0,0,0,False,False,False,True,[],[],[],[]
agrostis stolonifera|efloras.flora_of_pakistan,agrostis stolonifera,efloras.flora_of_pakistan,seed min. diameter [mm],0,0,0,0,0,False,False,False,True,[],[],[],[]
agrostis stolonifera|efloras.flora_of_pakistan,agrostis stolonifera,efloras.flora_of_pakistan,seed max. diameter [mm],0,0,0,0,0,False,False,False,True,[],[],[],[]
agrostis stolonifera|efloras.flora_of_pakistan,agrostis stolonifera,efloras.flora_of_pakistan,dispersal mode,1,0,0,1,1,True,True,True,True,"[""ectozoochory""]","[""ectozoochory""]",[],[]
agrostis stolonifera|efloras.flora_of_pakistan,agrostis stolonifera,efloras.flora_of_pakistan,ploidy level (2n),0,0,0,0,0,False,False,False,True,[],[],[],[]
agrostis stolonifera|efloras.flora_of_pakistan,agrostis stolonifera,efloras.flora_of_pakistan,root min. depth [cm],0,0,0,0,0,False,False,False,True,[],[],[],[]
agrostis stolonifera|efloras.flora_of_pakistan,agrostis stolonifera,efloras.flora_of_pakistan,root max. depth [cm],0,0,0,0,0,False,False,False,True,[],[],[],[]
aira caryophyllea|efloras.flora_of_china,aira caryophyllea,efloras.flora_of_china,life form,0,0,0,0,0,False,False,False,True,[],[],[],[]
aira caryophyllea|efloras.flora_of_china,aira caryophyllea,efloras.flora_of_china,habitat,1,0,0,1,1,True,True,True,True,"[""terrestrial""]","[""terrestrial""]",[],[]
aira caryophyllea|efloras.flora_of_china,aira caryophyllea,efloras.flora_of_china,habit,3,0,1,4,3,True,True,True,False,"[""caespitose"", ""erect leafy/tussock"", ""stoloniferous"", ""tussock""]","[""caespitose"", ""erect leafy/tussock"", ""tussock""]",[],"[""stoloniferous""]"
aira caryophyllea|efloras.flora_of_china,aira caryophyllea,efloras.flora_of_china,clonality,2,0,0,2,2,True,True,True,True,"[""rhizomatous"", ""solitary plant""]","[""rhizomatous"", ""solitary plant""]",[],[]
aira caryophyllea|efloras.flora_of_china,aira caryophyllea,efloras.flora_of_china,perennial organ,1,0,0,1,1,True,True,True,True,"[""rhizome""]","[""rhizome""]",[],[]
aira caryophyllea|efloras.flora_of_china,aira caryophyllea,efloras.flora_of_china,plant min. height [m],1,0,0,1,1,True,True,True,True,"[""0.05""]","[""0.05""]",[],[]
aira caryophyllea|efloras.flora_of_china,aira caryophyllea,efloras.flora_of_china,plant max. height [m],1,0,0,1,1,True,True,True,True,"[""0.3""]","[""0.3""]",[],[]
aira caryophyllea|efloras.flora_of_china,aira caryophyllea,efloras.flora_of_china,indumentum,0,0,0,0,0,False,False,False,True,[],[],[],[]
aira caryophyllea|efloras.flora_of_china,aira caryophyllea,efloras.flora_of_china,spinescence,0,0,0,0,0,False,False,False,True,[],[],[],[]
aira caryophyllea|efloras.flora_of_china,aira caryophyllea,efloras.flora_of_china,succulence,0,0,0,0,0,False,False,False,True,[],[],[],[]
aira caryophyllea|efloras.flora_of_china,aira caryophyllea,efloras.flora_of_china,leaf arrangement,0,0,0,0,0,False,False,False,True,[],[],[],[]
aira caryophyllea|efloras.flora_of_china,aira caryophyllea,efloras.flora_of_china,leaf architecture,0,0,0,0,0,False,False,False,True,[],[],[],[]
aira caryophyllea|efloras.flora_of_china,aira caryophyllea,efloras.flora_of_china,leaf position,0,0,0,0,0,False,False,False,True,[],[],[],[]
aira caryophyllea|efloras.flora_of_china,aira caryophyllea,efloras.flora_of_china,leaf shape,2,0,0,2,2,True,True,True,True,"[""filiform"", ""linear""]","[""filiform"", ""linear""]",[],[]
aira caryophyllea|efloras.flora_of_china,aira caryophyllea,efloras.flora_of_china,leaf apex,0,0,0,0,0,False,False,False,True,[],[],[],[]
aira caryophyllea|efloras.flora_of_china,aira caryophyllea,efloras.flora_of_china,leaf base,0,0,0,0,0,False,False,False,True,[],[],[],[]
aira caryophyllea|efloras.flora_of_china,aira caryophyllea,efloras.flora_of_china,leaf margin,0,0,0,0,0,False,False,False,True,[],[],[],[]
aira caryophyllea|efloras.flora_of_china,aira caryophyllea,efloras.flora_of_china,leaf min. width [cm],1,0,0,1,1,True,True,True,True,"[""0.2""]","[""0.2""]",[],[]
aira caryophyllea|efloras.flora_of_china,aira caryophyllea,efloras.flora_of_china,leaf max. width [cm],1,0,0,1,1,True,True,True,True,"[""0.3""]","[""0.3""]",[],[]
aira caryophyllea|efloras.flora_of_china,aira caryophyllea,efloras.flora_of_china,leaf min. length [cm],1,0,0,1,1,True,True,True,True,"[""1.0""]","[""1.0""]",[],[]
aira caryophyllea|efloras.flora_of_china,aira caryophyllea,efloras.flora_of_china,leaf max. length [cm],1,0,0,1,1,True,True,True,True,"[""5.0""]","[""5.0""]",[],[]
aira caryophyllea|efloras.flora_of_china,aira caryophyllea,efloras.flora_of_china,bract colour,0,0,0,0,0,False,False,False,True,[],[],[],[]
aira caryophyllea|efloras.flora_of_china,aira caryophyllea,efloras.flora_of_china,bracteole colour,0,0,0,0,0,False,False,False,True,[],[],[],[]
aira caryophyllea|efloras.flora_of_china,aira caryophyllea,efloras.flora_of_china,inflorescence arrangement,0,0,3,3,0,True,False,True,False,"[""clustered"", ""panicle"", ""spikelet""]",[],[],"[""clustered"", ""panicle"", ""spikelet""]"
aira caryophyllea|efloras.flora_of_china,aira caryophyllea,efloras.flora_of_china,inflorescence orientation,0,0,0,0,0,False,False,False,True,[],[],[],[]
aira caryophyllea|efloras.flora_of_china,aira caryophyllea,efloras.flora_of_china,flower sex,0,0,0,0,0,False,False,False,True,[],[],[],[]
aira caryophyllea|efloras.flora_of_china,aira caryophyllea,efloras.flora_of_china,flower architecture,0,0,0,0,0,False,False,False,True,[],[],[],[]
aira caryophyllea|efloras.flora_of_china,aira caryophyllea,efloras.flora_of_china,flower merosity,0,0,0,0,0,False,False,False,True,[],[],[],[]
aira caryophyllea|efloras.flora_of_china,aira caryophyllea,efloras.flora_of_china,flower symmetry,0,0,0,0,0,False,False,False,True,[],[],[],[]
aira caryophyllea|efloras.flora_of_china,aira caryophyllea,efloras.flora_of_china,flower shape,0,0,0,0,0,False,False,False,True,[],[],[],[]
aira caryophyllea|efloras.flora_of_china,aira caryophyllea,efloras.flora_of_china,flower colour,0,0,0,0,0,False,False,False,True,[],[],[],[]
aira caryophyllea|efloras.flora_of_china,aira caryophyllea,efloras.flora_of_china,flower orientation,0,0,0,0,0,False,False,False,True,[],[],[],[]
aira caryophyllea|efloras.flora_of_china,aira caryophyllea,efloras.flora_of_china,petal fusion,0,0,0,0,0,False,False,False,True,[],[],[],[]
aira caryophyllea|efloras.flora_of_china,aira caryophyllea,efloras.flora_of_china,petal colour,0,0,0,0,0,False,False,False,True,[],[],[],[]
aira caryophyllea|efloras.flora_of_china,aira caryophyllea,efloras.flora_of_china,petal min. width [cm],0,0,0,0,0,False,False,False,True,[],[],[],[]
aira caryophyllea|efloras.flora_of_china,aira caryophyllea,efloras.flora_of_china,petal max. width [cm],0,0,0,0,0,False,False,False,True,[],[],[],[]
aira caryophyllea|efloras.flora_of_china,aira caryophyllea,efloras.flora_of_china,calyx colour,0,0,0,0,0,False,False,False,True,[],[],[],[]
aira caryophyllea|efloras.flora_of_china,aira caryophyllea,efloras.flora_of_china,calyx min. length [cm],0,0,0,0,0,False,False,False,True,[],[],[],[]
aira caryophyllea|efloras.flora_of_china,aira caryophyllea,efloras.flora_of_china,calyx max. length [cm],0,0,0,0,0,False,False,False,True,[],[],[],[]
aira caryophyllea|efloras.flora_of_china,aira caryophyllea,efloras.flora_of_china,corolla colour,0,0,0,0,0,False,False,False,True,[],[],[],[]
aira caryophyllea|efloras.flora_of_china,aira caryophyllea,efloras.flora_of_china,corolla tube min. length [cm],0,0,0,0,0,False,False,False,True,[],[],[],[]
aira caryophyllea|efloras.flora_of_china,aira caryophyllea,efloras.flora_of_china,corolla tube max. length [cm],0,0,0,0,0,False,False,False,True,[],[],[],[]
aira caryophyllea|efloras.flora_of_china,aira caryophyllea,efloras.flora_of_china,corolla tube lipped,0,0,0,0,0,False,False,False,True,[],[],[],[]
aira caryophyllea|efloras.flora_of_china,aira caryophyllea,efloras.flora_of_china,labellum colour,0,0,0,0,0,False,False,False,True,[],[],[],[]
aira caryophyllea|efloras.flora_of_china,aira caryophyllea,efloras.flora_of_china,labellum min. width [cm],0,0,0,0,0,False,False,False,True,[],[],[],[]
aira caryophyllea|efloras.flora_of_china,aira caryophyllea,efloras.flora_of_china,labellum max. width [cm],0,0,0,0,0,False,False,False,True,[],[],[],[]
aira caryophyllea|efloras.flora_of_china,aira caryophyllea,efloras.flora_of_china,spur min. length [cm],0,0,0,0,0,False,False,False,True,[],[],[],[]
aira caryophyllea|efloras.flora_of_china,aira caryophyllea,efloras.flora_of_china,spur max. length [cm],0,0,0,0,0,False,False,False,True,[],[],[],[]
aira caryophyllea|efloras.flora_of_china,aira caryophyllea,efloras.flora_of_china,reproduction architecture,0,0,0,0,0,False,False,False,True,[],[],[],[]
aira caryophyllea|efloras.flora_of_china,aira caryophyllea,efloras.flora_of_china,reproduction system,0,0,0,0,0,False,False,False,True,[],[],[],[]
aira caryophyllea|efloras.flora_of_china,aira caryophyllea,efloras.flora_of_china,stamen number,0,0,0,0,0,False,False,False,True,[],[],[],[]
aira caryophyllea|efloras.flora_of_china,aira caryophyllea,efloras.flora_of_china,stamen arrangement,0,0,0,0,0,False,False,False,True,[],[],[],[]
aira caryophyllea|efloras.flora_of_china,aira caryophyllea,efloras.flora_of_china,stamenoid number,0,0,0,0,0,False,False,False,True,[],[],[],[]
aira caryophyllea|efloras.flora_of_china,aira caryophyllea,efloras.flora_of_china,stamen min. length [cm],0,0,0,0,0,False,False,False,True,[],[],[],[]
aira caryophyllea|efloras.flora_of_china,aira caryophyllea,efloras.flora_of_china,stamen max. length [cm],0,0,0,0,0,False,False,False,True,[],[],[],[]
aira caryophyllea|efloras.flora_of_china,aira caryophyllea,efloras.flora_of_china,staminodium,0,0,0,0,0,False,False,False,True,[],[],[],[]
aira caryophyllea|efloras.flora_of_china,aira caryophyllea,efloras.flora_of_china,pollen colour,0,0,0,0,0,False,False,False,True,[],[],[],[]
aira caryophyllea|efloras.flora_of_china,aira caryophyllea,efloras.flora_of_china,carpel/ovary number,0,0,0,0,0,False,False,False,True,[],[],[],[]
aira caryophyllea|efloras.flora_of_china,aira caryophyllea,efloras.flora_of_china,gynoecium arrangement,0,0,0,0,0,False,False,False,True,[],[],[],[]
aira caryophyllea|efloras.flora_of_china,aira caryophyllea,efloras.flora_of_china,heterostyly,0,0,0,0,0,False,False,False,True,[],[],[],[]
aira caryophyllea|efloras.flora_of_china,aira caryophyllea,efloras.flora_of_china,pollination,0,0,0,0,0,False,False,False,True,[],[],[],[]
aira caryophyllea|efloras.flora_of_china,aira caryophyllea,efloras.flora_of_china,reward,0,0,0,0,0,False,False,False,True,[],[],[],[]
aira caryophyllea|efloras.flora_of_china,aira caryophyllea,efloras.flora_of_china,fruit type,0,0,0,0,0,False,False,False,True,[],[],[],[]
aira caryophyllea|efloras.flora_of_china,aira caryophyllea,efloras.flora_of_china,fruit structure,0,0,0,0,0,False,False,False,True,[],[],[],[]
aira caryophyllea|efloras.flora_of_china,aira caryophyllea,efloras.flora_of_china,fruit dehiscence,0,0,0,0,0,False,False,False,True,[],[],[],[]
aira caryophyllea|efloras.flora_of_china,aira caryophyllea,efloras.flora_of_china,fruit shape,0,0,0,0,0,False,False,False,True,[],[],[],[]
aira caryophyllea|efloras.flora_of_china,aira caryophyllea,efloras.flora_of_china,fruit colour,0,0,0,0,0,False,False,False,True,[],[],[],[]
aira caryophyllea|efloras.flora_of_china,aira caryophyllea,efloras.flora_of_china,seed colour,0,0,0,0,0,False,False,False,True,[],[],[],[]
aira caryophyllea|efloras.flora_of_china,aira caryophyllea,efloras.flora_of_china,seeds per fruit min,0,0,0,0,0,False,False,False,True,[],[],[],[]
aira caryophyllea|efloras.flora_of_china,aira caryophyllea,efloras.flora_of_china,seeds per fruit max,0,0,0,0,0,False,False,False,True,[],[],[],[]
aira caryophyllea|efloras.flora_of_china,aira caryophyllea,efloras.flora_of_china,seeds per fruit min.,0,0,0,0,0,False,False,False,True,[],[],[],[]
aira caryophyllea|efloras.flora_of_china,aira caryophyllea,efloras.flora_of_china,seed min. width [mm],0,0,0,0,0,False,False,False,True,[],[],[],[]
aira caryophyllea|efloras.flora_of_china,aira caryophyllea,efloras.flora_of_china,seed max. width [mm],0,0,0,0,0,False,False,False,True,[],[],[],[]
aira caryophyllea|efloras.flora_of_china,aira caryophyllea,efloras.flora_of_china,seed min. length [mm],0,0,0,0,0,False,False,False,True,[],[],[],[]
aira caryophyllea|efloras.flora_of_china,aira caryophyllea,efloras.flora_of_china,seed max. length [mm],0,0,0,0,0,False,False,False,True,[],[],[],[]
aira caryophyllea|efloras.flora_of_china,aira caryophyllea,efloras.flora_of_china,seed min. diameter [mm],0,0,0,0,0,False,False,False,True,[],[],[],[]
aira caryophyllea|efloras.flora_of_china,aira caryophyllea,efloras.flora_of_china,seed max. diameter [mm],0,0,0,0,0,False,False,False,True,[],[],[],[]
aira caryophyllea|efloras.flora_of_china,aira caryophyllea,efloras.flora_of_china,dispersal mode,1,0,0,1,1,True,True,True,True,"[""ectozoochory""]","[""ectozoochory""]",[],[]
aira caryophyllea|efloras.flora_of_china,aira caryophyllea,efloras.flora_of_china,ploidy level (2n),0,0,0,0,0,False,False,False,True,[],[],[],[]
aira caryophyllea|efloras.flora_of_china,aira caryophyllea,efloras.flora_of_china,root min. depth [cm],0,0,0,0,0,False,False,False,True,[],[],[],[]
aira caryophyllea|efloras.flora_of_china,aira caryophyllea,efloras.flora_of_china,root max. depth [cm],0,0,0,0,0,False,False,False,True,[],[],[],[]
ajuga reptans|ecoflora,ajuga reptans,ecoflora,life form,1,0,0,1,1,True,True,True,True,"[""perennial""]","[""perennial""]",[],[]
ajuga reptans|ecoflora,ajuga reptans,ecoflora,habitat,1,0,0,1,1,True,True,True,True,"[""terrestrial""]","[""terrestrial""]",[],[]
ajuga reptans|ecoflora,ajuga reptans,ecoflora,habit,2,0,0,2,2,True,True,True,True,"[""erect leafy"", ""erect leafy/tussock""]","[""erect leafy"", ""erect leafy/tussock""]",[],[]
ajuga reptans|ecoflora,ajuga reptans,ecoflora,clonality,3,0,0,3,3,True,True,True,True,"[""rhizome"", ""solitary plant"", ""stoloniferous""]","[""rhizome"", ""solitary plant"", ""stoloniferous""]",[],[]
ajuga reptans|ecoflora,ajuga reptans,ecoflora,perennial organ,3,0,0,3,3,True,True,True,True,"[""rhizome"", ""stem"", ""stolon""]","[""rhizome"", ""stem"", ""stolon""]",[],[]
ajuga reptans|ecoflora,ajuga reptans,ecoflora,plant min. height [m],1,0,0,1,1,True,True,True,True,"[""0.1""]","[""0.1""]",[],[]
ajuga reptans|ecoflora,ajuga reptans,ecoflora,plant max. height [m],1,0,0,1,1,True,True,True,True,"[""0.3""]","[""0.3""]",[],[]
ajuga reptans|ecoflora,ajuga reptans,ecoflora,indumentum,2,0,1,3,2,True,True,True,False,"[""glabrescent"", ""glabrous"", ""hairy""]","[""glabrescent"", ""glabrous""]",[],"[""hairy""]"
ajuga reptans|ecoflora,ajuga reptans,ecoflora,spinescence,0,0,0,0,0,False,False,False,True,[],[],[],[]
ajuga reptans|ecoflora,ajuga reptans,ecoflora,succulence,0,0,0,0,0,False,False,False,True,[],[],[],[]
ajuga reptans|ecoflora,ajuga reptans,ecoflora,leaf arrangement,0,0,0,0,0,False,False,False,True,[],[],[],[]
ajuga reptans|ecoflora,ajuga reptans,ecoflora,leaf architecture,0,0,0,0,0,False,False,False,True,[],[],[],[]
ajuga reptans|ecoflora,ajuga reptans,ecoflora,leaf position,1,0,0,1,1,True,True,True,True,"[""rosette""]","[""rosette""]",[],[]
ajuga reptans|ecoflora,ajuga reptans,ecoflora,leaf shape,2,0,0,2,2,True,True,True,True,"[""oblong"", ""obovate""]","[""oblong"", ""obovate""]",[],[]
ajuga reptans|ecoflora,ajuga reptans,ecoflora,leaf apex,1,0,0,1,1,True,True,True,True,"[""obtuse""]","[""obtuse""]",[],[]
ajuga reptans|ecoflora,ajuga reptans,ecoflora,leaf base,0,0,0,0,0,False,False,False,True,[],[],[],[]
ajuga reptans|ecoflora,ajuga reptans,ecoflora,leaf margin,2,0,0,2,2,True,True,True,True,"[""crenate"", ""entire""]","[""crenate"", ""entire""]",[],[]
ajuga reptans|ecoflora,ajuga reptans,ecoflora,leaf min. width [cm],0,0,0,0,0,False,False,False,True,[],[],[],[]
ajuga reptans|ecoflora,ajuga reptans,ecoflora,leaf max. width [cm],0,0,0,0,0,False,False,False,True,[],[],[],[]
ajuga reptans|ecoflora,ajuga reptans,ecoflora,leaf min. length [cm],1,0,0,1,1,True,True,True,True,"[""4.0""]","[""4.0""]",[],[]
ajuga reptans|ecoflora,ajuga reptans,ecoflora,leaf max. length [cm],1,0,0,1,1,True,True,True,True,"[""7.0""]","[""7.0""]",[],[]
ajuga reptans|ecoflora,ajuga reptans,ecoflora,bract colour,1,0,0,1,1,True,True,True,True,"[""blue""]","[""blue""]",[],[]
ajuga reptans|ecoflora,ajuga reptans,ecoflora,bracteole colour,0,0,0,0,0,False,False,False,True,[],[],[],[]
ajuga reptans|ecoflora,ajuga reptans,ecoflora,inflorescence arrangement,1,0,0,1,1,True,True,True,True,"[""spike""]","[""spike""]",[],[]
ajuga reptans|ecoflora,ajuga reptans,ecoflora,inflorescence orientation,0,0,0,0,0,False,False,False,True,[],[],[],[]
ajuga reptans|ecoflora,ajuga reptans,ecoflora,flower sex,0,0,0,0,0,False,False,False,True,[],[],[],[]
ajuga reptans|ecoflora,ajuga reptans,ecoflora,flower architecture,0,0,0,0,0,False,False,False,True,[],[],[],[]
ajuga reptans|ecoflora,ajuga reptans,ecoflora,flower merosity,0,0,0,0,0,False,False,False,True,[],[],[],[]
ajuga reptans|ecoflora,ajuga reptans,ecoflora,flower symmetry,0,0,0,0,0,False,False,False,True,[],[],[],[]
ajuga reptans|ecoflora,ajuga reptans,ecoflora,flower shape,0,0,0,0,0,False,False,False,True,[],[],[],[]
ajuga reptans|ecoflora,ajuga reptans,ecoflora,flower colour,0,0,0,0,0,False,False,False,True,[],[],[],[]
ajuga reptans|ecoflora,ajuga reptans,ecoflora,flower orientation,0,0,0,0,0,False,False,False,True,[],[],[],[]
ajuga reptans|ecoflora,ajuga reptans,ecoflora,petal fusion,0,0,0,0,0,False,False,False,True,[],[],[],[]
ajuga reptans|ecoflora,ajuga reptans,ecoflora,petal colour,0,0,0,0,0,False,False,False,True,[],[],[],[]
ajuga reptans|ecoflora,ajuga reptans,ecoflora,petal min. width [cm],0,0,0,0,0,False,False,False,True,[],[],[],[]
ajuga reptans|ecoflora,ajuga reptans,ecoflora,petal max. width [cm],0,0,0,0,0,False,False,False,True,[],[],[],[]
ajuga reptans|ecoflora,ajuga reptans,ecoflora,calyx colour,0,0,0,0,0,False,False,False,True,[],[],[],[]
ajuga reptans|ecoflora,ajuga reptans,ecoflora,calyx min. length [cm],1,0,0,1,1,True,True,True,True,"[""0.5""]","[""0.5""]",[],[]
ajuga reptans|ecoflora,ajuga reptans,ecoflora,calyx max. length [cm],1,0,0,1,1,True,True,True,True,"[""0.6""]","[""0.6""]",[],[]
ajuga reptans|ecoflora,ajuga reptans,ecoflora,corolla colour,0,0,0,0,0,False,False,False,True,[],[],[],[]
ajuga reptans|ecoflora,ajuga reptans,ecoflora,corolla tube min. length [cm],0,0,0,0,0,False,False,False,True,[],[],[],[]
ajuga reptans|ecoflora,ajuga reptans,ecoflora,corolla tube max. length [cm],0,0,0,0,0,False,False,False,True,[],[],[],[]
ajuga reptans|ecoflora,ajuga reptans,ecoflora,corolla tube lipped,0,0,0,0,0,False,False,False,True,[],[],[],[]
ajuga reptans|ecoflora,ajuga reptans,ecoflora,labellum colour,3,0,0,3,3,True,True,True,True,"[""blue"", ""pink"", ""white""]","[""blue"", ""pink"", ""white""]",[],[]
ajuga reptans|ecoflora,ajuga reptans,ecoflora,labellum min. width [cm],0,0,0,0,0,False,False,False,True,[],[],[],[]
ajuga reptans|ecoflora,ajuga reptans,ecoflora,labellum max. width [cm],0,0,0,0,0,False,False,False,True,[],[],[],[]
ajuga reptans|ecoflora,ajuga reptans,ecoflora,spur min. length [cm],0,0,0,0,0,False,False,False,True,[],[],[],[]
ajuga reptans|ecoflora,ajuga reptans,ecoflora,spur max. length [cm],0,0,0,0,0,False,False,False,True,[],[],[],[]
ajuga reptans|ecoflora,ajuga reptans,ecoflora,reproduction architecture,0,0,0,0,0,False,False,False,True,[],[],[],[]
ajuga reptans|ecoflora,ajuga reptans,ecoflora,reproduction system,0,0,0,0,0,False,False,False,True,[],[],[],[]
ajuga reptans|ecoflora,ajuga reptans,ecoflora,stamen number,0,0,0,0,0,False,False,False,True,[],[],[],[]
ajuga reptans|ecoflora,ajuga reptans,ecoflora,stamen arrangement,0,0,0,0,0,False,False,False,True,[],[],[],[]
ajuga reptans|ecoflora,ajuga reptans,ecoflora,stamenoid number,0,0,0,0,0,False,False,False,True,[],[],[],[]
ajuga reptans|ecoflora,ajuga reptans,ecoflora,stamen min. length [cm],0,0,0,0,0,False,False,False,True,[],[],[],[]
ajuga reptans|ecoflora,ajuga reptans,ecoflora,stamen max. length [cm],0,0,0,0,0,False,False,False,True,[],[],[],[]
ajuga reptans|ecoflora,ajuga reptans,ecoflora,staminodium,0,0,0,0,0,False,False,False,True,[],[],[],[]
ajuga reptans|ecoflora,ajuga reptans,ecoflora,pollen colour,0,0,0,0,0,False,False,False,True,[],[],[],[]
ajuga reptans|ecoflora,ajuga reptans,ecoflora,carpel/ovary number,0,0,0,0,0,False,False,False,True,[],[],[],[]
ajuga reptans|ecoflora,ajuga reptans,ecoflora,gynoecium arrangement,0,0,0,0,0,False,False,False,True,[],[],[],[]
ajuga reptans|ecoflora,ajuga reptans,ecoflora,heterostyly,0,0,0,0,0,False,False,False,True,[],[],[],[]
ajuga reptans|ecoflora,ajuga reptans,ecoflora,pollination,0,0,0,0,0,False,False,False,True,[],[],[],[]
ajuga reptans|ecoflora,ajuga reptans,ecoflora,reward,0,0,0,0,0,False,False,False,True,[],[],[],[]
ajuga reptans|ecoflora,ajuga reptans,ecoflora,fruit type,0,0,1,1,0,True,False,True,False,"[""nut""]",[],[],"[""nut""]"
ajuga reptans|ecoflora,ajuga reptans,ecoflora,fruit structure,0,0,0,0,0,False,False,False,True,[],[],[],[]
ajuga reptans|ecoflora,ajuga reptans,ecoflora,fruit dehiscence,0,0,0,0,0,False,False,False,True,[],[],[],[]
ajuga reptans|ecoflora,ajuga reptans,ecoflora,fruit shape,0,0,0,0,0,False,False,False,True,[],[],[],[]
ajuga reptans|ecoflora,ajuga reptans,ecoflora,fruit colour,0,0,0,0,0,False,False,False,True,[],[],[],[]
ajuga reptans|ecoflora,ajuga reptans,ecoflora,seed colour,0,0,0,0,0,False,False,False,True,[],[],[],[]
ajuga reptans|ecoflora,ajuga reptans,ecoflora,seeds per fruit min,0,0,0,0,0,False,False,False,True,[],[],[],[]
ajuga reptans|ecoflora,ajuga reptans,ecoflora,seeds per fruit max,0,0,0,0,0,False,False,False,True,[],[],[],[]
ajuga reptans|ecoflora,ajuga reptans,ecoflora,seeds per fruit min.,0,0,0,0,0,False,False,False,True,[],[],[],[]
ajuga reptans|ecoflora,ajuga reptans,ecoflora,seed min. width [mm],0,0,0,0,0,False,False,False,True,[],[],[],[]
ajuga reptans|ecoflora,ajuga reptans,ecoflora,seed max. width [mm],0,0,0,0,0,False,False,False,True,[],[],[],[]
ajuga reptans|ecoflora,ajuga reptans,ecoflora,seed min. length [mm],0,0,0,0,0,False,False,False,True,[],[],[],[]
ajuga reptans|ecoflora,ajuga reptans,ecoflora,seed max. length [mm],0,0,0,0,0,False,False,False,True,[],[],[],[]
ajuga reptans|ecoflora,ajuga reptans,ecoflora,seed min. diameter [mm],0,0,0,0,0,False,False,False,True,[],[],[],[]
ajuga reptans|ecoflora,ajuga reptans,ecoflora,seed max. diameter [mm],0,0,0,0,0,False,False,False,True,[],[],[],[]
ajuga reptans|ecoflora,ajuga reptans,ecoflora,dispersal mode,0,0,0,0,0,False,False,False,True,[],[],[],[]
ajuga reptans|ecoflora,ajuga reptans,ecoflora,ploidy level (2n),0,0,0,0,0,False,False,False,True,[],[],[],[]
ajuga reptans|ecoflora,ajuga reptans,ecoflora,root min. depth [cm],0,0,0,0,0,False,False,False,True,[],[],[],[]
ajuga reptans|ecoflora,ajuga reptans,ecoflora,root max. depth [cm],0,0,0,0,0,False,False,False,True,[],[],[],[]
anthoxanthum odoratum|efloras.flora_of_china,anthoxanthum odoratum,efloras.flora_of_china,life form,0,0,0,0,0,False,False,False,True,[],[],[],[]
anthoxanthum odoratum|efloras.flora_of_china,anthoxanthum odoratum,efloras.flora_of_china,habitat,1,0,0,1,1,True,True,True,True,"[""terrestrial""]","[""terrestrial""]",[],[]
anthoxanthum odoratum|efloras.flora_of_china,anthoxanthum odoratum,efloras.flora_of_china,habit,3,0,0,3,3,True,True,True,True,"[""caespitose"", ""erect leafy/tussock"", ""tussock""]","[""caespitose"", ""erect leafy/tussock"", ""tussock""]",[],[]
anthoxanthum odoratum|efloras.flora_of_china,anthoxanthum odoratum,efloras.flora_of_china,clonality,2,0,0,2,2,True,True,True,True,"[""rhizomatous"", ""rhizome""]","[""rhizomatous"", ""rhizome""]",[],[]
anthoxanthum odoratum|efloras.flora_of_china,anthoxanthum odoratum,efloras.flora_of_china,perennial organ,1,0,0,1,1,True,True,True,True,"[""rhizome""]","[""rhizome""]",[],[]
anthoxanthum odoratum|efloras.flora_of_china,anthoxanthum odoratum,efloras.flora_of_china,plant min. height [m],0,0,0,0,0,False,False,False,True,[],[],[],[]
anthoxanthum odoratum|efloras.flora_of_china,anthoxanthum odoratum,efloras.flora_of_china,plant max. height [m],0,0,0,0,0,False,False,False,True,[],[],[],[]
anthoxanthum odoratum|efloras.flora_of_china,anthoxanthum odoratum,efloras.flora_of_china,indumentum,3,0,0,3,3,True,True,True,True,"[""glabrous"", ""pubescent"", ""scabrous""]","[""glabrous"", ""pubescent"", ""scabrous""]",[],[]
anthoxanthum odoratum|efloras.flora_of_china,anthoxanthum odoratum,efloras.flora_of_china,spinescence,0,0,0,0,0,False,False,False,True,[],[],[],[]
anthoxanthum odoratum|efloras.flora_of_china,anthoxanthum odoratum,efloras.flora_of_china,succulence,0,0,0,0,0,False,False,False,True,[],[],[],[]
anthoxanthum odoratum|efloras.flora_of_china,anthoxanthum odoratum,efloras.flora_of_china,leaf arrangement,0,0,0,0,0,False,False,False,True,[],[],[],[]
anthoxanthum odoratum|efloras.flora_of_china,anthoxanthum odoratum,efloras.flora_of_china,leaf architecture,1,0,0,1,1,True,True,True,True,"[""flat""]","[""flat""]",[],[]
anthoxanthum odoratum|efloras.flora_of_china,anthoxanthum odoratum,efloras.flora_of_china,leaf position,0,0,0,0,0,False,False,False,True,[],[],[],[]
anthoxanthum odoratum|efloras.flora_of_china,anthoxanthum odoratum,efloras.flora_of_china,leaf shape,0,0,0,0,0,False,False,False,True,[],[],[],[]
anthoxanthum odoratum|efloras.flora_of_china,anthoxanthum odoratum,efloras.flora_of_china,leaf apex,1,0,0,1,1,True,True,True,True,"[""acuminate""]","[""acuminate""]",[],[]
anthoxanthum odoratum|efloras.flora_of_china,anthoxanthum odoratum,efloras.flora_of_china,leaf base,0,0,0,0,0,False,False,False,True,[],[],[],[]
anthoxanthum odoratum|efloras.flora_of_china,anthoxanthum odoratum,efloras.flora_of_china,leaf margin,0,0,0,0,0,False,False,False,True,[],[],[],[]
anthoxanthum odoratum|efloras.flora_of_china,anthoxanthum odoratum,efloras.flora_of_china,leaf min. width [cm],1,0,0,1,1,True,True,True,True,"[""0.2""]","[""0.2""]",[],[]
anthoxanthum odoratum|efloras.flora_of_china,anthoxanthum odoratum,efloras.flora_of_china,leaf max. width [cm],1,0,0,1,1,True,True,True,True,"[""0.7""]","[""0.7""]",[],[]
anthoxanthum odoratum|efloras.flora_of_china,anthoxanthum odoratum,efloras.flora_of_china,leaf min. length [cm],1,0,0,1,1,True,True,True,True,"[""12.0""]","[""12.0""]",[],[]
anthoxanthum odoratum|efloras.flora_of_china,anthoxanthum odoratum,efloras.flora_of_china,leaf max. length [cm],1,0,0,1,1,True,True,True,True,"[""12.0""]","[""12.0""]",[],[]
anthoxanthum odoratum|efloras.flora_of_china,anthoxanthum odoratum,efloras.flora_of_china,bract colour,0,0,0,0,0,False,False,False,True,[],[],[],[]
anthoxanthum odoratum|efloras.flora_of_china,anthoxanthum odoratum,efloras.flora_of_china,bracteole colour,0,0,0,0,0,False,False,False,True,[],[],[],[]
anthoxanthum odoratum|efloras.flora_of_china,anthoxanthum odoratum,efloras.flora_of_china,inflorescence arrangement,0,0,3,3,0,True,False,True,False,"[""panicle"", ""spike"", ""spikelet""]",[],[],"[""panicle"", ""spike"", ""spikelet""]"
anthoxanthum odoratum|efloras.flora_of_china,anthoxanthum odoratum,efloras.flora_of_china,inflorescence orientation,0,0,0,0,0,False,False,False,True,[],[],[],[]
anthoxanthum odoratum|efloras.flora_of_china,anthoxanthum odoratum,efloras.flora_of_china,flower sex,2,0,0,2,2,True,True,True,True,"[""bisexual"", ""sterile""]","[""bisexual"", ""sterile""]",[],[]
anthoxanthum odoratum|efloras.flora_of_china,anthoxanthum odoratum,efloras.flora_of_china,flower architecture,0,0,0,0,0,False,False,False,True,[],[],[],[]
anthoxanthum odoratum|efloras.flora_of_china,anthoxanthum odoratum,efloras.flora_of_china,flower merosity,0,0,0,0,0,False,False,False,True,[],[],[],[]
anthoxanthum odoratum|efloras.flora_of_china,anthoxanthum odoratum,efloras.flora_of_china,flower symmetry,1,0,0,1,1,True,True,True,True,"[""no perianth""]","[""no perianth""]",[],[]
anthoxanthum odoratum|efloras.flora_of_china,anthoxanthum odoratum,efloras.flora_of_china,flower shape,0,0,0,0,0,False,False,False,True,[],[],[],[]
anthoxanthum odoratum|efloras.flora_of_china,anthoxanthum odoratum,efloras.flora_of_china,flower colour,0,0,0,0,0,False,False,False,True,[],[],[],[]
anthoxanthum odoratum|efloras.flora_of_china,anthoxanthum odoratum,efloras.flora_of_china,flower orientation,0,0,0,0,0,False,False,False,True,[],[],[],[]
anthoxanthum odoratum|efloras.flora_of_china,anthoxanthum odoratum,efloras.flora_of_china,petal fusion,0,0,0,0,0,False,False,False,True,[],[],[],[]
anthoxanthum odoratum|efloras.flora_of_china,anthoxanthum odoratum,efloras.flora_of_china,petal colour,0,0,0,0,0,False,False,False,True,[],[],[],[]
anthoxanthum odoratum|efloras.flora_of_china,anthoxanthum odoratum,efloras.flora_of_china,petal min. width [cm],0,0,0,0,0,False,False,False,True,[],[],[],[]
anthoxanthum odoratum|efloras.flora_of_china,anthoxanthum odoratum,efloras.flora_of_china,petal max. width [cm],0,0,0,0,0,False,False,False,True,[],[],[],[]
anthoxanthum odoratum|efloras.flora_of_china,anthoxanthum odoratum,efloras.flora_of_china,calyx colour,0,0,0,0,0,False,False,False,True,[],[],[],[]
anthoxanthum odoratum|efloras.flora_of_china,anthoxanthum odoratum,efloras.flora_of_china,calyx min. length [cm],0,0,0,0,0,False,False,False,True,[],[],[],[]
anthoxanthum odoratum|efloras.flora_of_china,anthoxanthum odoratum,efloras.flora_of_china,calyx max. length [cm],0,0,0,0,0,False,False,False,True,[],[],[],[]
anthoxanthum odoratum|efloras.flora_of_china,anthoxanthum odoratum,efloras.flora_of_china,corolla colour,0,0,0,0,0,False,False,False,True,[],[],[],[]
anthoxanthum odoratum|efloras.flora_of_china,anthoxanthum odoratum,efloras.flora_of_china,corolla tube min. length [cm],0,0,0,0,0,False,False,False,True,[],[],[],[]
anthoxanthum odoratum|efloras.flora_of_china,anthoxanthum odoratum,efloras.flora_of_china,corolla tube max. length [cm],0,0,0,0,0,False,False,False,True,[],[],[],[]
anthoxanthum odoratum|efloras.flora_of_china,anthoxanthum odoratum,efloras.flora_of_china,corolla tube lipped,0,0,0,0,0,False,False,False,True,[],[],[],[]
anthoxanthum odoratum|efloras.flora_of_china,anthoxanthum odoratum,efloras.flora_of_china,labellum colour,0,0,0,0,0,False,False,False,True,[],[],[],[]
anthoxanthum odoratum|efloras.flora_of_china,anthoxanthum odoratum,efloras.flora_of_china,labellum min. width [cm],0,0,0,0,0,False,False,False,True,[],[],[],[]
anthoxanthum odoratum|efloras.flora_of_china,anthoxanthum odoratum,efloras.flora_of_china,labellum max. width [cm],0,0,0,0,0,False,False,False,True,[],[],[],[]
anthoxanthum odoratum|efloras.flora_of_china,anthoxanthum odoratum,efloras.flora_of_china,spur min. length [cm],0,0,0,0,0,False,False,False,True,[],[],[],[]
anthoxanthum odoratum|efloras.flora_of_china,anthoxanthum odoratum,efloras.flora_of_china,spur max. length [cm],0,0,0,0,0,False,False,False,True,[],[],[],[]
anthoxanthum odoratum|efloras.flora_of_china,anthoxanthum odoratum,efloras.flora_of_china,reproduction architecture,0,0,0,0,0,False,False,False,True,[],[],[],[]
anthoxanthum odoratum|efloras.flora_of_china,anthoxanthum odoratum,efloras.flora_of_china,reproduction system,1,0,0,1,1,True,True,True,True,"[""monoecious""]","[""monoecious""]",[],[]
anthoxanthum odoratum|efloras.flora_of_china,anthoxanthum odoratum,efloras.flora_of_china,stamen number,0,0,0,0,0,False,False,False,True,[],[],[],[]
anthoxanthum odoratum|efloras.flora_of_china,anthoxanthum odoratum,efloras.flora_of_china,stamen arrangement,0,0,0,0,0,False,False,False,True,[],[],[],[]
anthoxanthum odoratum|efloras.flora_of_china,anthoxanthum odoratum,efloras.flora_of_china,stamenoid number,0,0,0,0,0,False,False,False,True,[],[],[],[]
anthoxanthum odoratum|efloras.flora_of_china,anthoxanthum odoratum,efloras.flora_of_china,stamen min. length [cm],0,0,0,0,0,False,False,False,True,[],[],[],[]
anthoxanthum odoratum|efloras.flora_of_china,anthoxanthum odoratum,efloras.flora_of_china,stamen max. length [cm],0,0,0,0,0,False,False,False,True,[],[],[],[]
anthoxanthum odoratum|efloras.flora_of_china,anthoxanthum odoratum,efloras.flora_of_china,staminodium,0,0,0,0,0,False,False,False,True,[],[],[],[]
anthoxanthum odoratum|efloras.flora_of_china,anthoxanthum odoratum,efloras.flora_of_china,pollen colour,0,0,0,0,0,False,False,False,True,[],[],[],[]
anthoxanthum odoratum|efloras.flora_of_china,anthoxanthum odoratum,efloras.flora_of_china,carpel/ovary number,0,0,0,0,0,False,False,False,True,[],[],[],[]
anthoxanthum odoratum|efloras.flora_of_china,anthoxanthum odoratum,efloras.flora_of_china,gynoecium arrangement,0,0,0,0,0,False,False,False,True,[],[],[],[]
anthoxanthum odoratum|efloras.flora_of_china,anthoxanthum odoratum,efloras.flora_of_china,heterostyly,0,0,0,0,0,False,False,False,True,[],[],[],[]
anthoxanthum odoratum|efloras.flora_of_china,anthoxanthum odoratum,efloras.flora_of_china,pollination,0,0,0,0,0,False,False,False,True,[],[],[],[]
anthoxanthum odoratum|efloras.flora_of_china,anthoxanthum odoratum,efloras.flora_of_china,reward,0,0,0,0,0,False,False,False,True,[],[],[],[]
anthoxanthum odoratum|efloras.flora_of_china,anthoxanthum odoratum,efloras.flora_of_china,fruit type,0,0,0,0,0,False,False,False,True,[],[],[],[]
anthoxanthum odoratum|efloras.flora_of_china,anthoxanthum odoratum,efloras.flora_of_china,fruit structure,0,0,0,0,0,False,False,False,True,[],[],[],[]
anthoxanthum odoratum|efloras.flora_of_china,anthoxanthum odoratum,efloras.flora_of_china,fruit dehiscence,0,0,0,0,0,False,False,False,True,[],[],[],[]
anthoxanthum odoratum|efloras.flora_of_china,anthoxanthum odoratum,efloras.flora_of_china,fruit shape,0,0,0,0,0,False,False,False,True,[],[],[],[]
anthoxanthum odoratum|efloras.flora_of_china,anthoxanthum odoratum,efloras.flora_of_china,fruit colour,0,0,0,0,0,False,False,False,True,[],[],[],[]
anthoxanthum odoratum|efloras.flora_of_china,anthoxanthum odoratum,efloras.flora_of_china,seed colour,0,0,0,0,0,False,False,False,True,[],[],[],[]
anthoxanthum odoratum|efloras.flora_of_china,anthoxanthum odoratum,efloras.flora_of_china,seeds per fruit min,0,0,0,0,0,False,False,False,True,[],[],[],[]
anthoxanthum odoratum|efloras.flora_of_china,anthoxanthum odoratum,efloras.flora_of_china,seeds per fruit max,0,0,0,0,0,False,False,False,True,[],[],[],[]
anthoxanthum odoratum|efloras.flora_of_china,anthoxanthum odoratum,efloras.flora_of_china,seeds per fruit min.,0,0,0,0,0,False,False,False,True,[],[],[],[]
anthoxanthum odoratum|efloras.flora_of_china,anthoxanthum odoratum,efloras.flora_of_china,seed min. width [mm],0,0,0,0,0,False,False,False,True,[],[],[],[]
anthoxanthum odoratum|efloras.flora_of_china,anthoxanthum odoratum,efloras.flora_of_china,seed max. width [mm],0,0,0,0,0,False,False,False,True,[],[],[],[]
anthoxanthum odoratum|efloras.flora_of_china,anthoxanthum odoratum,efloras.flora_of_china,seed min. length [mm],0,0,0,0,0,False,False,False,True,[],[],[],[]
anthoxanthum odoratum|efloras.flora_of_china,anthoxanthum odoratum,efloras.flora_of_china,seed max. length [mm],0,0,0,0,0,False,False,False,True,[],[],[],[]
anthoxanthum odoratum|efloras.flora_of_china,anthoxanthum odoratum,efloras.flora_of_china,seed min. diameter [mm],0,0,0,0,0,False,False,False,True,[],[],[],[]
anthoxanthum odoratum|efloras.flora_of_china,anthoxanthum odoratum,efloras.flora_of_china,seed max. diameter [mm],0,0,0,0,0,False,False,False,True,[],[],[],[]
anthoxanthum odoratum|efloras.flora_of_china,anthoxanthum odoratum,efloras.flora_of_china,dispersal mode,1,0,0,1,1,True,True,True,True,"[""ectozoochory""]","[""ectozoochory""]",[],[]
anthoxanthum odoratum|efloras.flora_of_china,anthoxanthum odoratum,efloras.flora_of_china,ploidy level (2n),0,0,0,0,0,False,False,False,True,[],[],[],[]
anthoxanthum odoratum|efloras.flora_of_china,anthoxanthum odoratum,efloras.flora_of_china,root min. depth [cm],0,0,0,0,0,False,False,False,True,[],[],[],[]
anthoxanthum odoratum|efloras.flora_of_china,anthoxanthum odoratum,efloras.flora_of_china,root max. depth [cm],0,0,0,0,0,False,False,False,True,[],[],[],[]
arrhenatherum elatius|efloras.flora_of_china,arrhenatherum elatius,efloras.flora_of_china,life form,0,0,0,0,0,False,False,False,True,[],[],[],[]
arrhenatherum elatius|efloras.flora_of_china,arrhenatherum elatius,efloras.flora_of_china,habitat,1,0,0,1,1,True,True,True,True,"[""terrestrial""]","[""terrestrial""]",[],[]
arrhenatherum elatius|efloras.flora_of_china,arrhenatherum elatius,efloras.flora_of_china,habit,1,0,0,1,1,True,True,True,True,"[""erect leafy/tussock""]","[""erect leafy/tussock""]",[],[]
arrhenatherum elatius|efloras.flora_of_china,arrhenatherum elatius,efloras.flora_of_china,clonality,0,0,1,1,0,True,False,True,False,"[""rhizomatous""]",[],[],"[""rhizomatous""]"
arrhenatherum elatius|efloras.flora_of_china,arrhenatherum elatius,efloras.flora_of_china,perennial organ,1,0,0,1,1,True,True,True,True,"[""rhizome""]","[""rhizome""]",[],[]
arrhenatherum elatius|efloras.flora_of_china,arrhenatherum elatius,efloras.flora_of_china,plant min. height [m],1,0,0,1,1,True,True,True,True,"[""1.0""]","[""1.0""]",[],[]
arrhenatherum elatius|efloras.flora_of_china,arrhenatherum elatius,efloras.flora_of_china,plant max. height [m],1,0,0,1,1,True,True,True,True,"[""1.5""]","[""1.5""]",[],[]
arrhenatherum elatius|efloras.flora_of_china,arrhenatherum elatius,efloras.flora_of_china,indumentum,2,0,1,3,2,True,True,True,False,"[""glabrous"", ""pubescent"", ""scabrous""]","[""glabrous"", ""scabrous""]",[],"[""pubescent""]"
arrhenatherum elatius|efloras.flora_of_china,arrhenatherum elatius,efloras.flora_of_china,spinescence,0,0,0,0,0,False,False,False,True,[],[],[],[]
arrhenatherum elatius|efloras.flora_of_china,arrhenatherum elatius,efloras.flora_of_china,succulence,0,0,0,0,0,False,False,False,True,[],[],[],[]
arrhenatherum elatius|efloras.flora_of_china,arrhenatherum elatius,efloras.flora_of_china,leaf arrangement,0,0,0,0,0,False,False,False,True,[],[],[],[]
arrhenatherum elatius|efloras.flora_of_china,arrhenatherum elatius,efloras.flora_of_china,leaf architecture,0,0,0,0,0,False,False,False,True,[],[],[],[]
arrhenatherum elatius|efloras.flora_of_china,arrhenatherum elatius,efloras.flora_of_china,leaf position,0,0,0,0,0,False,False,False,True,[],[],[],[]
arrhenatherum elatius|efloras.flora_of_china,arrhenatherum elatius,efloras.flora_of_china,leaf shape,0,0,0,0,0,False,False,False,True,[],[],[],[]
arrhenatherum elatius|efloras.flora_of_china,arrhenatherum elatius,efloras.flora_of_china,leaf apex,1,0,0,1,1,True,True,True,True,"[""acuminate""]","[""acuminate""]",[],[]
arrhenatherum elatius|efloras.flora_of_china,arrhenatherum elatius,efloras.flora_of_china,leaf base,0,0,0,0,0,False,False,False,True,[],[],[],[]
arrhenatherum elatius|efloras.flora_of_china,arrhenatherum elatius,efloras.flora_of_china,leaf margin,0,0,0,0,0,False,False,False,True,[],[],[],[]
arrhenatherum elatius|efloras.flora_of_china,arrhenatherum elatius,efloras.flora_of_china,leaf min. width [cm],1,0,0,1,1,True,True,True,True,"[""0.3""]","[""0.3""]",[],[]
arrhenatherum elatius|efloras.flora_of_china,arrhenatherum elatius,efloras.flora_of_china,leaf max. width [cm],1,0,0,1,1,True,True,True,True,"[""0.9""]","[""0.9""]",[],[]
arrhenatherum elatius|efloras.flora_of_china,arrhenatherum elatius,efloras.flora_of_china,leaf min. length [cm],1,0,0,1,1,True,True,True,True,"[""14.0""]","[""14.0""]",[],[]
arrhenatherum elatius|efloras.flora_of_china,arrhenatherum elatius,efloras.flora_of_china,leaf max. length [cm],1,0,0,1,1,True,True,True,True,"[""30.0""]","[""30.0""]",[],[]
arrhenatherum elatius|efloras.flora_of_china,arrhenatherum elatius,efloras.flora_of_china,bract colour,0,0,0,0,0,False,False,False,True,[],[],[],[]
arrhenatherum elatius|efloras.flora_of_china,arrhenatherum elatius,efloras.flora_of_china,bracteole colour,0,0,0,0,0,False,False,False,True,[],[],[],[]
arrhenatherum elatius|efloras.flora_of_china,arrhenatherum elatius,efloras.flora_of_china,inflorescence arrangement,0,0,2,2,0,True,False,True,False,"[""panicle"", ""spikelet""]",[],[],"[""panicle"", ""spikelet""]"
arrhenatherum elatius|efloras.flora_of_china,arrhenatherum elatius,efloras.flora_of_china,inflorescence orientation,0,0,0,0,0,False,False,False,True,[],[],[],[]
arrhenatherum elatius|efloras.flora_of_china,arrhenatherum elatius,efloras.flora_of_china,flower sex,0,0,0,0,0,False,False,False,True,[],[],[],[]
arrhenatherum elatius|efloras.flora_of_china,arrhenatherum elatius,efloras.flora_of_china,flower architecture,0,0,0,0,0,False,False,False,True,[],[],[],[]
arrhenatherum elatius|efloras.flora_of_china,arrhenatherum elatius,efloras.flora_of_china,flower merosity,0,0,0,0,0,False,False,False,True,[],[],[],[]
arrhenatherum elatius|efloras.flora_of_china,arrhenatherum elatius,efloras.flora_of_china,flower symmetry,0,0,0,0,0,False,False,False,True,[],[],[],[]
arrhenatherum elatius|efloras.flora_of_china,arrhenatherum elatius,efloras.flora_of_china,flower shape,0,0,0,0,0,False,False,False,True,[],[],[],[]
arrhenatherum elatius|efloras.flora_of_china,arrhenatherum elatius,efloras.flora_of_china,flower colour,0,0,0,0,0,False,False,False,True,[],[],[],[]
arrhenatherum elatius|efloras.flora_of_china,arrhenatherum elatius,efloras.flora_of_china,flower orientation,0,0,0,0,0,False,False,False,True,[],[],[],[]
arrhenatherum elatius|efloras.flora_of_china,arrhenatherum elatius,efloras.flora_of_china,petal fusion,0,0,0,0,0,False,False,False,True,[],[],[],[]
arrhenatherum elatius|efloras.flora_of_china,arrhenatherum elatius,efloras.flora_of_china,petal colour,0,0,0,0,0,False,False,False,True,[],[],[],[]
arrhenatherum elatius|efloras.flora_of_china,arrhenatherum elatius,efloras.flora_of_china,petal min. width [cm],0,0,0,0,0,False,False,False,True,[],[],[],[]
arrhenatherum elatius|efloras.flora_of_china,arrhenatherum elatius,efloras.flora_of_china,petal max. width [cm],0,0,0,0,0,False,False,False,True,[],[],[],[]
arrhenatherum elatius|efloras.flora_of_china,arrhenatherum elatius,efloras.flora_of_china,calyx colour,0,0,0,0,0,False,False,False,True,[],[],[],[]
arrhenatherum elatius|efloras.flora_of_china,arrhenatherum elatius,efloras.flora_of_china,calyx min. length [cm],0,0,0,0,0,False,False,False,True,[],[],[],[]
arrhenatherum elatius|efloras.flora_of_china,arrhenatherum elatius,efloras.flora_of_china,calyx max. length [cm],0,0,0,0,0,False,False,False,True,[],[],[],[]
arrhenatherum elatius|efloras.flora_of_china,arrhenatherum elatius,efloras.flora_of_china,corolla colour,0,0,0,0,0,False,False,False,True,[],[],[],[]
arrhenatherum elatius|efloras.flora_of_china,arrhenatherum elatius,efloras.flora_of_china,corolla tube min. length [cm],0,0,0,0,0,False,False,False,True,[],[],[],[]
arrhenatherum elatius|efloras.flora_of_china,arrhenatherum elatius,efloras.flora_of_china,corolla tube max. length [cm],0,0,0,0,0,False,False,False,True,[],[],[],[]
arrhenatherum elatius|efloras.flora_of_china,arrhenatherum elatius,efloras.flora_of_china,corolla tube lipped,0,0,0,0,0,False,False,False,True,[],[],[],[]
arrhenatherum elatius|efloras.flora_of_china,arrhenatherum elatius,efloras.flora_of_china,labellum colour,0,0,0,0,0,False,False,False,True,[],[],[],[]
arrhenatherum elatius|efloras.flora_of_china,arrhenatherum elatius,efloras.flora_of_china,labellum min. width [cm],0,0,0,0,0,False,False,False,True,[],[],[],[]
arrhenatherum elatius|efloras.flora_of_china,arrhenatherum elatius,efloras.flora_of_china,labellum max. width [cm],0,0,0,0,0,False,False,False,True,[],[],[],[]
arrhenatherum elatius|efloras.flora_of_china,arrhenatherum elatius,efloras.flora_of_china,spur min. length [cm],0,0,0,0,0,False,False,False,True,[],[],[],[]
arrhenatherum elatius|efloras.flora_of_china,arrhenatherum elatius,efloras.flora_of_china,spur max. length [cm],0,0,0,0,0,False,False,False,True,[],[],[],[]
arrhenatherum elatius|efloras.flora_of_china,arrhenatherum elatius,efloras.flora_of_china,reproduction architecture,0,0,0,0,0,False,False,False,True,[],[],[],[]
arrhenatherum elatius|efloras.flora_of_china,arrhenatherum elatius,efloras.flora_of_china,reproduction system,0,0,0,0,0,False,False,False,True,[],[],[],[]
arrhenatherum elatius|efloras.flora_of_china,arrhenatherum elatius,efloras.flora_of_china,stamen number,0,0,0,0,0,False,False,False,True,[],[],[],[]
arrhenatherum elatius|efloras.flora_of_china,arrhenatherum elatius,efloras.flora_of_china,stamen arrangement,0,0,0,0,0,False,False,False,True,[],[],[],[]
arrhenatherum elatius|efloras.flora_of_china,arrhenatherum elatius,efloras.flora_of_china,stamenoid number,0,0,0,0,0,False,False,False,True,[],[],[],[]
arrhenatherum elatius|efloras.flora_of_china,arrhenatherum elatius,efloras.flora_of_china,stamen min. length [cm],0,0,0,0,0,False,False,False,True,[],[],[],[]
arrhenatherum elatius|efloras.flora_of_china,arrhenatherum elatius,efloras.flora_of_china,stamen max. length [cm],0,0,0,0,0,False,False,False,True,[],[],[],[]
arrhenatherum elatius|efloras.flora_of_china,arrhenatherum elatius,efloras.flora_of_china,staminodium,0,0,0,0,0,False,False,False,True,[],[],[],[]
arrhenatherum elatius|efloras.flora_of_china,arrhenatherum elatius,efloras.flora_of_china,pollen colour,0,0,0,0,0,False,False,False,True,[],[],[],[]
arrhenatherum elatius|efloras.flora_of_china,arrhenatherum elatius,efloras.flora_of_china,carpel/ovary number,0,0,0,0,0,False,False,False,True,[],[],[],[]
arrhenatherum elatius|efloras.flora_of_china,arrhenatherum elatius,efloras.flora_of_china,gynoecium arrangement,0,0,0,0,0,False,False,False,True,[],[],[],[]
arrhenatherum elatius|efloras.flora_of_china,arrhenatherum elatius,efloras.flora_of_china,heterostyly,0,0,0,0,0,False,False,False,True,[],[],[],[]
arrhenatherum elatius|efloras.flora_of_china,arrhenatherum elatius,efloras.flora_of_china,pollination,0,0,0,0,0,False,False,False,True,[],[],[],[]
arrhenatherum elatius|efloras.flora_of_china,arrhenatherum elatius,efloras.flora_of_china,reward,0,0,0,0,0,False,False,False,True,[],[],[],[]
arrhenatherum elatius|efloras.flora_of_china,arrhenatherum elatius,efloras.flora_of_china,fruit type,0,0,0,0,0,False,False,False,True,[],[],[],[]
arrhenatherum elatius|efloras.flora_of_china,arrhenatherum elatius,efloras.flora_of_china,fruit structure,0,0,0,0,0,False,False,False,True,[],[],[],[]
arrhenatherum elatius|efloras.flora_of_china,arrhenatherum elatius,efloras.flora_of_china,fruit dehiscence,0,0,0,0,0,False,False,False,True,[],[],[],[]
arrhenatherum elatius|efloras.flora_of_china,arrhenatherum elatius,efloras.flora_of_china,fruit shape,0,0,0,0,0,False,False,False,True,[],[],[],[]
arrhenatherum elatius|efloras.flora_of_china,arrhenatherum elatius,efloras.flora_of_china,fruit colour,0,0,0,0,0,False,False,False,True,[],[],[],[]
arrhenatherum elatius|efloras.flora_of_china,arrhenatherum elatius,efloras.flora_of_china,seed colour,0,0,0,0,0,False,False,False,True,[],[],[],[]
arrhenatherum elatius|efloras.flora_of_china,arrhenatherum elatius,efloras.flora_of_china,seeds per fruit min,0,0,0,0,0,False,False,False,True,[],[],[],[]
arrhenatherum elatius|efloras.flora_of_china,arrhenatherum elatius,efloras.flora_of_china,seeds per fruit max,0,0,0,0,0,False,False,False,True,[],[],[],[]
arrhenatherum elatius|efloras.flora_of_china,arrhenatherum elatius,efloras.flora_of_china,seeds per fruit min.,0,0,0,0,0,False,False,False,True,[],[],[],[]
arrhenatherum elatius|efloras.flora_of_china,arrhenatherum elatius,efloras.flora_of_china,seed min. width [mm],0,0,0,0,0,False,False,False,True,[],[],[],[]
arrhenatherum elatius|efloras.flora_of_china,arrhenatherum elatius,efloras.flora_of_china,seed max. width [mm],0,0,0,0,0,False,False,False,True,[],[],[],[]
arrhenatherum elatius|efloras.flora_of_china,arrhenatherum elatius,efloras.flora_of_china,seed min. length [mm],0,0,0,0,0,False,False,False,True,[],[],[],[]
arrhenatherum elatius|efloras.flora_of_china,arrhenatherum elatius,efloras.flora_of_china,seed max. length [mm],0,0,0,0,0,False,False,False,True,[],[],[],[]
arrhenatherum elatius|efloras.flora_of_china,arrhenatherum elatius,efloras.flora_of_china,seed min. diameter [mm],0,0,0,0,0,False,False,False,True,[],[],[],[]
arrhenatherum elatius|efloras.flora_of_china,arrhenatherum elatius,efloras.flora_of_china,seed max. diameter [mm],0,0,0,0,0,False,False,False,True,[],[],[],[]
arrhenatherum elatius|efloras.flora_of_china,arrhenatherum elatius,efloras.flora_of_china,dispersal mode,1,0,0,1,1,True,True,True,True,"[""ectozoochory""]","[""ectozoochory""]",[],[]
arrhenatherum elatius|efloras.flora_of_china,arrhenatherum elatius,efloras.flora_of_china,ploidy level (2n),1,0,0,1,1,True,True,True,True,"[""28""]","[""28""]",[],[]
arrhenatherum elatius|efloras.flora_of_china,arrhenatherum elatius,efloras.flora_of_china,root min. depth [cm],0,0,0,0,0,False,False,False,True,[],[],[],[]
arrhenatherum elatius|efloras.flora_of_china,arrhenatherum elatius,efloras.flora_of_china,root max. depth [cm],0,0,0,0,0,False,False,False,True,[],[],[],[]
berula erecta|efloras.flora_of_china,berula erecta,efloras.flora_of_china,life form,1,0,0,1,1,True,True,True,True,"[""hydrophyte""]","[""hydrophyte""]",[],[]
berula erecta|efloras.flora_of_china,berula erecta,efloras.flora_of_china,habitat,3,0,0,3,3,True,True,True,True,"[""aquatic"", ""epiphyte"", ""terrestrial""]","[""aquatic"", ""epiphyte"", ""terrestrial""]",[],[]
berula erecta|efloras.flora_of_china,berula erecta,efloras.flora_of_china,habit,2,0,0,2,2,True,True,True,True,"[""erect leafy"", ""submerged""]","[""erect leafy"", ""submerged""]",[],[]
berula erecta|efloras.flora_of_china,berula erecta,efloras.flora_of_china,clonality,1,0,0,1,1,True,True,True,True,"[""solitary plant""]","[""solitary plant""]",[],[]
berula erecta|efloras.flora_of_china,berula erecta,efloras.flora_of_china,perennial organ,1,0,0,1,1,True,True,True,True,"[""stem""]","[""stem""]",[],[]
berula erecta|efloras.flora_of_china,berula erecta,efloras.flora_of_china,plant min. height [m],1,0,0,1,1,True,True,True,True,"[""0.4""]","[""0.4""]",[],[]
berula erecta|efloras.flora_of_china,berula erecta,efloras.flora_of_china,plant max. height [m],1,0,0,1,1,True,True,True,True,"[""1.0""]","[""1.0""]",[],[]
berula erecta|efloras.flora_of_china,berula erecta,efloras.flora_of_china,indumentum,0,0,0,0,0,False,False,False,True,[],[],[],[]
berula erecta|efloras.flora_of_china,berula erecta,efloras.flora_of_china,spinescence,0,0,0,0,0,False,False,False,True,[],[],[],[]
berula erecta|efloras.flora_of_china,berula erecta,efloras.flora_of_china,succulence,0,0,0,0,0,False,False,False,True,[],[],[],[]
berula erecta|efloras.flora_of_china,berula erecta,efloras.flora_of_china,leaf arrangement,1,0,0,1,1,True,True,True,True,"[""pinnate""]","[""pinnate""]",[],[]
berula erecta|efloras.flora_of_china,berula erecta,efloras.flora_of_china,leaf architecture,0,0,0,0,0,False,False,False,True,[],[],[],[]
berula erecta|efloras.flora_of_china,berula erecta,efloras.flora_of_china,leaf position,0,0,0,0,0,False,False,False,True,[],[],[],[]
berula erecta|efloras.flora_of_china,berula erecta,efloras.flora_of_china,leaf shape,0,0,2,2,0,True,False,True,False,"[""oblong"", ""ovate""]",[],[],"[""oblong"", ""ovate""]"
berula erecta|efloras.flora_of_china,berula erecta,efloras.flora_of_china,leaf apex,0,0,0,0,0,False,False,False,True,[],[],[],[]
berula erecta|efloras.flora_of_china,berula erecta,efloras.flora_of_china,leaf base,0,0,1,1,0,True,False,True,False,"[""truncate""]",[],[],"[""truncate""]"
berula erecta|efloras.flora_of_china,berula erecta,efloras.flora_of_china,leaf margin,0,0,1,1,0,True,False,True,False,"[""serrate""]",[],[],"[""serrate""]"
berula erecta|efloras.flora_of_china,berula erecta,efloras.flora_of_china,leaf min. width [cm],0,0,1,1,0,True,False,True,False,"[""0.8""]",[],[],"[""0.8""]"
berula erecta|efloras.flora_of_china,berula erecta,efloras.flora_of_china,leaf max. width [cm],0,0,1,1,0,True,False,True,False,"[""3.0""]",[],[],"[""3.0""]"
berula erecta|efloras.flora_of_china,berula erecta,efloras.flora_of_china,leaf min. length [cm],0,0,1,1,0,True,False,True,False,"[""1.5""]",[],[],"[""1.5""]"
berula erecta|efloras.flora_of_china,berula erecta,efloras.flora_of_china,leaf max. length [cm],0,0,1,1,0,True,False,True,False,"[""7.0""]",[],[],"[""7.0""]"
berula erecta|efloras.flora_of_china,berula erecta,efloras.flora_of_china,bract colour,0,0,0,0,0,False,False,False,True,[],[],[],[]
berula erecta|efloras.flora_of_china,berula erecta,efloras.flora_of_china,bracteole colour,0,0,0,0,0,False,False,False,True,[],[],[],[]
berula erecta|efloras.flora_of_china,berula erecta,efloras.flora_of_china,inflorescence arrangement,0,0,1,1,0,True,False,True,False,"[""umbel""]",[],[],"[""umbel""]"
berula erecta|efloras.flora_of_china,berula erecta,efloras.flora_of_china,inflorescence orientation,0,0,0,0,0,False,False,False,True,[],[],[],[]
berula erecta|efloras.flora_of_china,berula erecta,efloras.flora_of_china,flower sex,0,0,0,0,0,False,False,False,True,[],[],[],[]
berula erecta|efloras.flora_of_china,berula erecta,efloras.flora_of_china,flower architecture,0,0,0,0,0,False,False,False,True,[],[],[],[]
berula erecta|efloras.flora_of_china,berula erecta,efloras.flora_of_china,flower merosity,0,0,0,0,0,False,False,False,True,[],[],[],[]
berula erecta|efloras.flora_of_china,berula erecta,efloras.flora_of_china,flower symmetry,0,0,0,0,0,False,False,False,True,[],[],[],[]
berula erecta|efloras.flora_of_china,berula erecta,efloras.flora_of_china,flower shape,0,0,0,0,0,False,False,False,True,[],[],[],[]
berula erecta|efloras.flora_of_china,berula erecta,efloras.flora_of_china,flower colour,0,0,0,0,0,False,False,False,True,[],[],[],[]
berula erecta|efloras.flora_of_china,berula erecta,efloras.flora_of_china,flower orientation,0,0,0,0,0,False,False,False,True,[],[],[],[]
berula erecta|efloras.flora_of_china,berula erecta,efloras.flora_of_china,petal fusion,0,0,0,0,0,False,False,False,True,[],[],[],[]
berula erecta|efloras.flora_of_china,berula erecta,efloras.flora_of_china,petal colour,0,0,0,0,0,False,False,False,True,[],[],[],[]
berula erecta|efloras.flora_of_china,berula erecta,efloras.flora_of_china,petal min. width [cm],0,0,0,0,0,False,False,False,True,[],[],[],[]
berula erecta|efloras.flora_of_china,berula erecta,efloras.flora_of_china,petal max. width [cm],0,0,0,0,0,False,False,False,True,[],[],[],[]
berula erecta|efloras.flora_of_china,berula erecta,efloras.flora_of_china,calyx colour,0,0,0,0,0,False,False,False,True,[],[],[],[]
berula erecta|efloras.flora_of_china,berula erecta,efloras.flora_of_china,calyx min. length [cm],1,0,0,1,1,True,True,True,True,"[""0.04""]","[""0.04""]",[],[]
berula erecta|efloras.flora_of_china,berula erecta,efloras.flora_of_china,calyx max. length [cm],1,0,0,1,1,True,True,True,True,"[""0.08""]","[""0.08""]",[],[]
berula erecta|efloras.flora_of_china,berula erecta,efloras.flora_of_china,corolla colour,0,0,0,0,0,False,False,False,True,[],[],[],[]
berula erecta|efloras.flora_of_china,berula erecta,efloras.flora_of_china,corolla tube min. length [cm],0,0,0,0,0,False,False,False,True,[],[],[],[]
berula erecta|efloras.flora_of_china,berula erecta,efloras.flora_of_china,corolla tube max. length [cm],0,0,0,0,0,False,False,False,True,[],[],[],[]
berula erecta|efloras.flora_of_china,berula erecta,efloras.flora_of_china,corolla tube lipped,0,0,0,0,0,False,False,False,True,[],[],[],[]
berula erecta|efloras.flora_of_china,berula erecta,efloras.flora_of_china,labellum colour,0,0,0,0,0,False,False,False,True,[],[],[],[]
berula erecta|efloras.flora_of_china,berula erecta,efloras.flora_of_china,labellum min. width [cm],0,0,0,0,0,False,False,False,True,[],[],[],[]
berula erecta|efloras.flora_of_china,berula erecta,efloras.flora_of_china,labellum max. width [cm],0,0,0,0,0,False,False,False,True,[],[],[],[]
berula erecta|efloras.flora_of_china,berula erecta,efloras.flora_of_china,spur min. length [cm],0,0,0,0,0,False,False,False,True,[],[],[],[]
berula erecta|efloras.flora_of_china,berula erecta,efloras.flora_of_china,spur max. length [cm],0,0,0,0,0,False,False,False,True,[],[],[],[]
berula erecta|efloras.flora_of_china,berula erecta,efloras.flora_of_china,reproduction architecture,0,0,0,0,0,False,False,False,True,[],[],[],[]
berula erecta|efloras.flora_of_china,berula erecta,efloras.flora_of_china,reproduction system,0,0,0,0,0,False,False,False,True,[],[],[],[]
berula erecta|efloras.flora_of_china,berula erecta,efloras.flora_of_china,stamen number,0,0,0,0,0,False,False,False,True,[],[],[],[]
berula erecta|efloras.flora_of_china,berula erecta,efloras.flora_of_china,stamen arrangement,0,0,0,0,0,False,False,False,True,[],[],[],[]
berula erecta|efloras.flora_of_china,berula erecta,efloras.flora_of_china,stamenoid number,0,0,0,0,0,False,False,False,True,[],[],[],[]
berula erecta|efloras.flora_of_china,berula erecta,efloras.flora_of_china,stamen min. length [cm],0,0,0,0,0,False,False,False,True,[],[],[],[]
berula erecta|efloras.flora_of_china,berula erecta,efloras.flora_of_china,stamen max. length [cm],0,0,0,0,0,False,False,False,True,[],[],[],[]
berula erecta|efloras.flora_of_china,berula erecta,efloras.flora_of_china,staminodium,0,0,0,0,0,False,False,False,True,[],[],[],[]
berula erecta|efloras.flora_of_china,berula erecta,efloras.flora_of_china,pollen colour,0,0,0,0,0,False,False,False,True,[],[],[],[]
berula erecta|efloras.flora_of_china,berula erecta,efloras.flora_of_china,carpel/ovary number,0,0,0,0,0,False,False,False,True,[],[],[],[]
berula erecta|efloras.flora_of_china,berula erecta,efloras.flora_of_china,gynoecium arrangement,0,0,0,0,0,False,False,False,True,[],[],[],[]
berula erecta|efloras.flora_of_china,berula erecta,efloras.flora_of_china,heterostyly,0,0,0,0,0,False,False,False,True,[],[],[],[]
berula erecta|efloras.flora_of_china,berula erecta,efloras.flora_of_china,pollination,0,0,0,0,0,False,False,False,True,[],[],[],[]
berula erecta|efloras.flora_of_china,berula erecta,efloras.flora_of_china,reward,0,0,0,0,0,False,False,False,True,[],[],[],[]
berula erecta|efloras.flora_of_china,berula erecta,efloras.flora_of_china,fruit type,0,0,0,0,0,False,False,False,True,[],[],[],[]
berula erecta|efloras.flora_of_china,berula erecta,efloras.flora_of_china,fruit structure,0,0,0,0,0,False,False,False,True,[],[],[],[]
berula erecta|efloras.flora_of_china,berula erecta,efloras.flora_of_china,fruit dehiscence,0,0,0,0,0,False,False,False,True,[],[],[],[]
berula erecta|efloras.flora_of_china,berula erecta,efloras.flora_of_china,fruit shape,0,0,0,0,0,False,False,False,True,[],[],[],[]
berula erecta|efloras.flora_of_china,berula erecta,efloras.flora_of_china,fruit colour,0,0,0,0,0,False,False,False,True,[],[],[],[]
berula erecta|efloras.flora_of_china,berula erecta,efloras.flora_of_china,seed colour,0,0,0,0,0,False,False,False,True,[],[],[],[]
berula erecta|efloras.flora_of_china,berula erecta,efloras.flora_of_china,seeds per fruit min,0,0,0,0,0,False,False,False,True,[],[],[],[]
berula erecta|efloras.flora_of_china,berula erecta,efloras.flora_of_china,seeds per fruit max,0,0,0,0,0,False,False,False,True,[],[],[],[]
berula erecta|efloras.flora_of_china,berula erecta,efloras.flora_of_china,seeds per fruit min.,0,0,0,0,0,False,False,False,True,[],[],[],[]
berula erecta|efloras.flora_of_china,berula erecta,efloras.flora_of_china,seed min. width [mm],0,0,0,0,0,False,False,False,True,[],[],[],[]
berula erecta|efloras.flora_of_china,berula erecta,efloras.flora_of_china,seed max. width [mm],0,0,0,0,0,False,False,False,True,[],[],[],[]
berula erecta|efloras.flora_of_china,berula erecta,efloras.flora_of_china,seed min. length [mm],0,0,0,0,0,False,False,False,True,[],[],[],[]
berula erecta|efloras.flora_of_china,berula erecta,efloras.flora_of_china,seed max. length [mm],0,0,0,0,0,False,False,False,True,[],[],[],[]
berula erecta|efloras.flora_of_china,berula erecta,efloras.flora_of_china,seed min. diameter [mm],0,0,0,0,0,False,False,False,True,[],[],[],[]
berula erecta|efloras.flora_of_china,berula erecta,efloras.flora_of_china,seed max. diameter [mm],0,0,0,0,0,False,False,False,True,[],[],[],[]
berula erecta|efloras.flora_of_china,berula erecta,efloras.flora_of_china,dispersal mode,0,0,0,0,0,False,False,False,True,[],[],[],[]
berula erecta|efloras.flora_of_china,berula erecta,efloras.flora_of_china,ploidy level (2n),0,0,0,0,0,False,False,False,True,[],[],[],[]
berula erecta|efloras.flora_of_china,berula erecta,efloras.flora_of_china,root min. depth [cm],0,0,0,0,0,False,False,False,True,[],[],[],[]
berula erecta|efloras.flora_of_china,berula erecta,efloras.flora_of_china,root max. depth [cm],0,0,0,0,0,False,False,False,True,[],[],[],[]
caltha palustris|efloras.flora_of_north_america,caltha palustris,efloras.flora_of_north_america,life form,0,0,0,0,0,False,False,False,True,[],[],[],[]
caltha palustris|efloras.flora_of_north_america,caltha palustris,efloras.flora_of_north_america,habitat,1,0,0,1,1,True,True,True,True,"[""terrestrial""]","[""terrestrial""]",[],[]
caltha palustris|efloras.flora_of_north_america,caltha palustris,efloras.flora_of_north_america,habit,2,0,0,2,2,True,True,True,True,"[""climber/scrambler"", ""erect leafy""]","[""climber/scrambler"", ""erect leafy""]",[],[]
caltha palustris|efloras.flora_of_north_america,caltha palustris,efloras.flora_of_north_america,clonality,1,0,0,1,1,True,True,True,True,"[""solitary plant""]","[""solitary plant""]",[],[]
caltha palustris|efloras.flora_of_north_america,caltha palustris,efloras.flora_of_north_america,perennial organ,2,0,0,2,2,True,True,True,True,"[""stem"", ""stolon""]","[""stem"", ""stolon""]",[],[]
caltha palustris|efloras.flora_of_north_america,caltha palustris,efloras.flora_of_north_america,plant min. height [m],0,0,0,0,0,False,False,False,True,[],[],[],[]
caltha palustris|efloras.flora_of_north_america,caltha palustris,efloras.flora_of_north_america,plant max. height [m],0,0,0,0,0,False,False,False,True,[],[],[],[]
caltha palustris|efloras.flora_of_north_america,caltha palustris,efloras.flora_of_north_america,indumentum,0,0,0,0,0,False,False,False,True,[],[],[],[]
caltha palustris|efloras.flora_of_north_america,caltha palustris,efloras.flora_of_north_america,spinescence,0,0,0,0,0,False,False,False,True,[],[],[],[]
caltha palustris|efloras.flora_of_north_america,caltha palustris,efloras.flora_of_north_america,succulence,0,0,0,0,0,False,False,False,True,[],[],[],[]
caltha palustris|efloras.flora_of_north_america,caltha palustris,efloras.flora_of_north_america,leaf arrangement,0,0,0,0,0,False,False,False,True,[],[],[],[]
caltha palustris|efloras.flora_of_north_america,caltha palustris,efloras.flora_of_north_america,leaf architecture,0,0,0,0,0,False,False,False,True,[],[],[],[]
caltha palustris|efloras.flora_of_north_america,caltha palustris,efloras.flora_of_north_america,leaf position,0,0,0,0,0,False,False,False,True,[],[],[],[]
caltha palustris|efloras.flora_of_north_america,caltha palustris,efloras.flora_of_north_america,leaf shape,5,0,0,5,5,True,True,True,True,"[""cordate"", ""orbicular"", ""ovate"", ""reniform"", ""rounded""]","[""cordate"", ""orbicular"", ""ovate"", ""reniform"", ""rounded""]",[],[]
caltha palustris|efloras.flora_of_north_america,caltha palustris,efloras.flora_of_north_america,leaf apex,2,0,0,2,2,True,True,True,True,"[""acute"", ""rounded""]","[""acute"", ""rounded""]",[],[]
caltha palustris|efloras.flora_of_north_america,caltha palustris,efloras.flora_of_north_america,leaf base,2,0,0,2,2,True,True,True,True,"[""cordate"", ""rounded""]","[""cordate"", ""rounded""]",[],[]
caltha palustris|efloras.flora_of_north_america,caltha palustris,efloras.flora_of_north_america,leaf margin,3,1,0,3,4,True,True,True,False,"[""crenate"", ""dentate"", ""entire""]","[""crenate"", ""dentate"", ""denticulate"", ""entire""]","[""denticulate""]",[]
caltha palustris|efloras.flora_of_north_america,caltha palustris,efloras.flora_of_north_america,leaf min. width [cm],1,0,0,1,1,True,True,True,True,"[""1.0""]","[""1.0""]",[],[]
caltha palustris|efloras.flora_of_north_america,caltha palustris,efloras.flora_of_north_america,leaf max. width [cm],1,0,0,1,1,True,True,True,True,"[""19.0""]","[""19.0""]",[],[]
caltha palustris|efloras.flora_of_north_america,caltha palustris,efloras.flora_of_north_america,leaf min. length [cm],1,0,0,1,1,True,True,True,True,"[""0.5""]","[""0.5""]",[],[]
caltha palustris|efloras.flora_of_north_america,caltha palustris,efloras.flora_of_north_america,leaf max. length [cm],1,0,0,1,1,True,True,True,True,"[""12.5""]","[""12.5""]",[],[]
caltha palustris|efloras.flora_of_north_america,caltha palustris,efloras.flora_of_north_america,bract colour,0,0,0,0,0,False,False,False,True,[],[],[],[]
caltha palustris|efloras.flora_of_north_america,caltha palustris,efloras.flora_of_north_america,bracteole colour,0,0,0,0,0,False,False,False,True,[],[],[],[]
caltha palustris|efloras.flora_of_north_america,caltha palustris,efloras.flora_of_north_america,inflorescence arrangement,0,0,0,0,0,False,False,False,True,[],[],[],[]
caltha palustris|efloras.flora_of_north_america,caltha palustris,efloras.flora_of_north_america,inflorescence orientation,0,0,0,0,0,False,False,False,True,[],[],[],[]
caltha palustris|efloras.flora_of_north_america,caltha palustris,efloras.flora_of_north_america,flower sex,0,0,0,0,0,False,False,False,True,[],[],[],[]
caltha palustris|efloras.flora_of_north_america,caltha palustris,efloras.flora_of_north_america,flower architecture,0,0,0,0,0,False,False,False,True,[],[],[],[]
caltha palustris|efloras.flora_of_north_america,caltha palustris,efloras.flora_of_north_america,flower merosity,0,0,0,0,0,False,False,False,True,[],[],[],[]
caltha palustris|efloras.flora_of_north_america,caltha palustris,efloras.flora_of_north_america,flower symmetry,0,0,0,0,0,False,False,False,True,[],[],[],[]
caltha palustris|efloras.flora_of_north_america,caltha palustris,efloras.flora_of_north_america,flower shape,0,0,0,0,0,False,False,False,True,[],[],[],[]
caltha palustris|efloras.flora_of_north_america,caltha palustris,efloras.flora_of_north_america,flower colour,0,0,0,0,0,False,False,False,True,[],[],[],[]
caltha palustris|efloras.flora_of_north_america,caltha palustris,efloras.flora_of_north_america,flower orientation,0,0,0,0,0,False,False,False,True,[],[],[],[]
caltha palustris|efloras.flora_of_north_america,caltha palustris,efloras.flora_of_north_america,petal fusion,0,0,0,0,0,False,False,False,True,[],[],[],[]
caltha palustris|efloras.flora_of_north_america,caltha palustris,efloras.flora_of_north_america,petal colour,0,0,0,0,0,False,False,False,True,[],[],[],[]
caltha palustris|efloras.flora_of_north_america,caltha palustris,efloras.flora_of_north_america,petal min. width [cm],0,0,0,0,0,False,False,False,True,[],[],[],[]
caltha palustris|efloras.flora_of_north_america,caltha palustris,efloras.flora_of_north_america,petal max. width [cm],0,0,0,0,0,False,False,False,True,[],[],[],[]
caltha palustris|efloras.flora_of_north_america,caltha palustris,efloras.flora_of_north_america,calyx colour,0,0,0,0,0,False,False,False,True,[],[],[],[]
caltha palustris|efloras.flora_of_north_america,caltha palustris,efloras.flora_of_north_america,calyx min. length [cm],0,0,0,0,0,False,False,False,True,[],[],[],[]
caltha palustris|efloras.flora_of_north_america,caltha palustris,efloras.flora_of_north_america,calyx max. length [cm],0,0,0,0,0,False,False,False,True,[],[],[],[]
caltha palustris|efloras.flora_of_north_america,caltha palustris,efloras.flora_of_north_america,corolla colour,0,0,0,0,0,False,False,False,True,[],[],[],[]
caltha palustris|efloras.flora_of_north_america,caltha palustris,efloras.flora_of_north_america,corolla tube min. length [cm],0,0,0,0,0,False,False,False,True,[],[],[],[]
caltha palustris|efloras.flora_of_north_america,caltha palustris,efloras.flora_of_north_america,corolla tube max. length [cm],0,0,0,0,0,False,False,False,True,[],[],[],[]
caltha palustris|efloras.flora_of_north_america,caltha palustris,efloras.flora_of_north_america,corolla tube lipped,0,0,0,0,0,False,False,False,True,[],[],[],[]
caltha palustris|efloras.flora_of_north_america,caltha palustris,efloras.flora_of_north_america,labellum colour,0,0,0,0,0,False,False,False,True,[],[],[],[]
caltha palustris|efloras.flora_of_north_america,caltha palustris,efloras.flora_of_north_america,labellum min. width [cm],0,0,0,0,0,False,False,False,True,[],[],[],[]
caltha palustris|efloras.flora_of_north_america,caltha palustris,efloras.flora_of_north_america,labellum max. width [cm],0,0,0,0,0,False,False,False,True,[],[],[],[]
caltha palustris|efloras.flora_of_north_america,caltha palustris,efloras.flora_of_north_america,spur min. length [cm],0,0,0,0,0,False,False,False,True,[],[],[],[]
caltha palustris|efloras.flora_of_north_america,caltha palustris,efloras.flora_of_north_america,spur max. length [cm],0,0,0,0,0,False,False,False,True,[],[],[],[]
caltha palustris|efloras.flora_of_north_america,caltha palustris,efloras.flora_of_north_america,reproduction architecture,0,0,0,0,0,False,False,False,True,[],[],[],[]
caltha palustris|efloras.flora_of_north_america,caltha palustris,efloras.flora_of_north_america,reproduction system,0,0,0,0,0,False,False,False,True,[],[],[],[]
caltha palustris|efloras.flora_of_north_america,caltha palustris,efloras.flora_of_north_america,stamen number,0,0,0,0,0,False,False,False,True,[],[],[],[]
caltha palustris|efloras.flora_of_north_america,caltha palustris,efloras.flora_of_north_america,stamen arrangement,0,0,0,0,0,False,False,False,True,[],[],[],[]
caltha palustris|efloras.flora_of_north_america,caltha palustris,efloras.flora_of_north_america,stamenoid number,0,0,0,0,0,False,False,False,True,[],[],[],[]
caltha palustris|efloras.flora_of_north_america,caltha palustris,efloras.flora_of_north_america,stamen min. length [cm],0,0,0,0,0,False,False,False,True,[],[],[],[]
caltha palustris|efloras.flora_of_north_america,caltha palustris,efloras.flora_of_north_america,stamen max. length [cm],0,0,0,0,0,False,False,False,True,[],[],[],[]
caltha palustris|efloras.flora_of_north_america,caltha palustris,efloras.flora_of_north_america,staminodium,0,0,0,0,0,False,False,False,True,[],[],[],[]
caltha palustris|efloras.flora_of_north_america,caltha palustris,efloras.flora_of_north_america,pollen colour,0,0,0,0,0,False,False,False,True,[],[],[],[]
caltha palustris|efloras.flora_of_north_america,caltha palustris,efloras.flora_of_north_america,carpel/ovary number,0,0,0,0,0,False,False,False,True,[],[],[],[]
caltha palustris|efloras.flora_of_north_america,caltha palustris,efloras.flora_of_north_america,gynoecium arrangement,0,0,0,0,0,False,False,False,True,[],[],[],[]
caltha palustris|efloras.flora_of_north_america,caltha palustris,efloras.flora_of_north_america,heterostyly,0,0,0,0,0,False,False,False,True,[],[],[],[]
caltha palustris|efloras.flora_of_north_america,caltha palustris,efloras.flora_of_north_america,pollination,0,0,0,0,0,False,False,False,True,[],[],[],[]
caltha palustris|efloras.flora_of_north_america,caltha palustris,efloras.flora_of_north_america,reward,0,0,0,0,0,False,False,False,True,[],[],[],[]
caltha palustris|efloras.flora_of_north_america,caltha palustris,efloras.flora_of_north_america,fruit type,0,0,1,1,0,True,False,True,False,"[""follicle""]",[],[],"[""follicle""]"
caltha palustris|efloras.flora_of_north_america,caltha palustris,efloras.flora_of_north_america,fruit structure,0,0,0,0,0,False,False,False,True,[],[],[],[]
caltha palustris|efloras.flora_of_north_america,caltha palustris,efloras.flora_of_north_america,fruit dehiscence,0,0,0,0,0,False,False,False,True,[],[],[],[]
caltha palustris|efloras.flora_of_north_america,caltha palustris,efloras.flora_of_north_america,fruit shape,0,0,1,1,0,True,False,True,False,"[""ellipsoid""]",[],[],"[""ellipsoid""]"
caltha palustris|efloras.flora_of_north_america,caltha palustris,efloras.flora_of_north_america,fruit colour,0,0,0,0,0,False,False,False,True,[],[],[],[]
caltha palustris|efloras.flora_of_north_america,caltha palustris,efloras.flora_of_north_america,seed colour,0,0,0,0,0,False,False,False,True,[],[],[],[]
caltha palustris|efloras.flora_of_north_america,caltha palustris,efloras.flora_of_north_america,seeds per fruit min,0,0,0,0,0,False,False,False,True,[],[],[],[]
caltha palustris|efloras.flora_of_north_america,caltha palustris,efloras.flora_of_north_america,seeds per fruit max,0,0,0,0,0,False,False,False,True,[],[],[],[]
caltha palustris|efloras.flora_of_north_america,caltha palustris,efloras.flora_of_north_america,seeds per fruit min.,0,0,0,0,0,False,False,False,True,[],[],[],[]
caltha palustris|efloras.flora_of_north_america,caltha palustris,efloras.flora_of_north_america,seed min. width [mm],0,0,0,0,0,False,False,False,True,[],[],[],[]
caltha palustris|efloras.flora_of_north_america,caltha palustris,efloras.flora_of_north_america,seed max. width [mm],0,0,0,0,0,False,False,False,True,[],[],[],[]
caltha palustris|efloras.flora_of_north_america,caltha palustris,efloras.flora_of_north_america,seed min. length [mm],1,0,0,1,1,True,True,True,True,"[""1.5""]","[""1.5""]",[],[]
caltha palustris|efloras.flora_of_north_america,caltha palustris,efloras.flora_of_north_america,seed max. length [mm],1,0,0,1,1,True,True,True,True,"[""2.5""]","[""2.5""]",[],[]
caltha palustris|efloras.flora_of_north_america,caltha palustris,efloras.flora_of_north_america,seed min. diameter [mm],0,0,0,0,0,False,False,False,True,[],[],[],[]
caltha palustris|efloras.flora_of_north_america,caltha palustris,efloras.flora_of_north_america,seed max. diameter [mm],0,0,0,0,0,False,False,False,True,[],[],[],[]
caltha palustris|efloras.flora_of_north_america,caltha palustris,efloras.flora_of_north_america,dispersal mode,0,0,0,0,0,False,False,False,True,[],[],[],[]
caltha palustris|efloras.flora_of_north_america,caltha palustris,efloras.flora_of_north_america,ploidy level (2n),3,0,0,3,3,True,True,True,True,"[""32"", ""56"", ""60""]","[""32"", ""56"", ""60""]",[],[]
caltha palustris|efloras.flora_of_north_america,caltha palustris,efloras.flora_of_north_america,root min. depth [cm],0,0,0,0,0,False,False,False,True,[],[],[],[]
caltha palustris|efloras.flora_of_north_america,caltha palustris,efloras.flora_of_north_america,root max. depth [cm],0,0,0,0,0,False,False,False,True,[],[],[],[]
campanula rotundifolia|ecoflora,campanula rotundifolia,ecoflora,life form,1,0,0,1,1,True,True,True,True,"[""perennial""]","[""perennial""]",[],[]
campanula rotundifolia|ecoflora,campanula rotundifolia,ecoflora,habitat,1,0,0,1,1,True,True,True,True,"[""terrestrial""]","[""terrestrial""]",[],[]
campanula rotundifolia|ecoflora,campanula rotundifolia,ecoflora,habit,3,0,0,3,3,True,True,True,True,"[""erect leafy"", ""erect leafy/tussock"", ""geoxylices""]","[""erect leafy"", ""erect leafy/tussock"", ""geoxylices""]",[],[]
campanula rotundifolia|ecoflora,campanula rotundifolia,ecoflora,clonality,2,0,0,2,2,True,True,True,True,"[""rhizome"", ""solitary plant""]","[""rhizome"", ""solitary plant""]",[],[]
campanula rotundifolia|ecoflora,campanula rotundifolia,ecoflora,perennial organ,3,0,0,3,3,True,True,True,True,"[""rhizome"", ""rootstock"", ""stem""]","[""rhizome"", ""rootstock"", ""stem""]",[],[]
campanula rotundifolia|ecoflora,campanula rotundifolia,ecoflora,plant min. height [m],1,0,0,1,1,True,True,True,True,"[""0.15""]","[""0.15""]",[],[]
campanula rotundifolia|ecoflora,campanula rotundifolia,ecoflora,plant max. height [m],1,0,0,1,1,True,True,True,True,"[""0.6""]","[""0.6""]",[],[]
campanula rotundifolia|ecoflora,campanula rotundifolia,ecoflora,indumentum,0,0,2,2,0,True,False,True,False,"[""glabrous"", ""pubescent""]",[],[],"[""glabrous"", ""pubescent""]"
campanula rotundifolia|ecoflora,campanula rotundifolia,ecoflora,spinescence,0,0,0,0,0,False,False,False,True,[],[],[],[]
campanula rotundifolia|ecoflora,campanula rotundifolia,ecoflora,succulence,0,0,0,0,0,False,False,False,True,[],[],[],[]
campanula rotundifolia|ecoflora,campanula rotundifolia,ecoflora,leaf arrangement,0,0,0,0,0,False,False,False,True,[],[],[],[]
campanula rotundifolia|ecoflora,campanula rotundifolia,ecoflora,leaf architecture,0,0,0,0,0,False,False,False,True,[],[],[],[]
campanula rotundifolia|ecoflora,campanula rotundifolia,ecoflora,leaf position,0,0,0,0,0,False,False,False,True,[],[],[],[]
campanula rotundifolia|ecoflora,campanula rotundifolia,ecoflora,leaf shape,5,0,0,5,5,True,True,True,True,"[""cordate"", ""lanceolate"", ""linear"", ""orbicular"", ""ovate""]","[""cordate"", ""lanceolate"", ""linear"", ""orbicular"", ""ovate""]",[],[]
campanula rotundifolia|ecoflora,campanula rotundifolia,ecoflora,leaf apex,1,1,0,1,2,True,True,True,False,"[""acute""]","[""acute"", ""lanceolate""]","[""lanceolate""]",[]
campanula rotundifolia|ecoflora,campanula rotundifolia,ecoflora,leaf base,1,0,0,1,1,True,True,True,True,"[""cordate""]","[""cordate""]",[],[]
campanula rotundifolia|ecoflora,campanula rotundifolia,ecoflora,leaf margin,3,0,0,3,3,True,True,True,True,"[""crenate"", ""entire"", ""serrate""]","[""crenate"", ""entire"", ""serrate""]",[],[]
campanula rotundifolia|ecoflora,campanula rotundifolia,ecoflora,leaf min. width [cm],0,0,0,0,0,False,False,False,True,[],[],[],[]
campanula rotundifolia|ecoflora,campanula rotundifolia,ecoflora,leaf max. width [cm],0,0,0,0,0,False,False,False,True,[],[],[],[]
campanula rotundifolia|ecoflora,campanula rotundifolia,ecoflora,leaf min. length [cm],1,0,0,1,1,True,True,True,True,"[""0.5""]","[""0.5""]",[],[]
campanula rotundifolia|ecoflora,campanula rotundifolia,ecoflora,leaf max. length [cm],1,0,0,1,1,True,True,True,True,"[""1.5""]","[""1.5""]",[],[]
campanula rotundifolia|ecoflora,campanula rotundifolia,ecoflora,bract colour,0,0,0,0,0,False,False,False,True,[],[],[],[]
campanula rotundifolia|ecoflora,campanula rotundifolia,ecoflora,bracteole colour,0,0,0,0,0,False,False,False,True,[],[],[],[]
campanula rotundifolia|ecoflora,campanula rotundifolia,ecoflora,inflorescence arrangement,2,0,0,2,2,True,True,True,True,"[""panicle"", ""raceme""]","[""panicle"", ""raceme""]",[],[]
campanula rotundifolia|ecoflora,campanula rotundifolia,ecoflora,inflorescence orientation,1,0,0,1,1,True,True,True,True,"[""erect""]","[""erect""]",[],[]
campanula rotundifolia|ecoflora,campanula rotundifolia,ecoflora,flower sex,0,0,0,0,0,False,False,False,True,[],[],[],[]
campanula rotundifolia|ecoflora,campanula rotundifolia,ecoflora,flower architecture,0,0,0,0,0,False,False,False,True,[],[],[],[]
campanula rotundifolia|ecoflora,campanula rotundifolia,ecoflora,flower merosity,0,0,0,0,0,False,False,False,True,[],[],[],[]
campanula rotundifolia|ecoflora,campanula rotundifolia,ecoflora,flower symmetry,0,0,0,0,0,False,False,False,True,[],[],[],[]
campanula rotundifolia|ecoflora,campanula rotundifolia,ecoflora,flower shape,0,0,0,0,0,False,False,False,True,[],[],[],[]
campanula rotundifolia|ecoflora,campanula rotundifolia,ecoflora,flower colour,0,0,0,0,0,False,False,False,True,[],[],[],[]
campanula rotundifolia|ecoflora,campanula rotundifolia,ecoflora,flower orientation,1,0,0,1,1,True,True,True,True,"[""erect""]","[""erect""]",[],[]
campanula rotundifolia|ecoflora,campanula rotundifolia,ecoflora,petal fusion,1,0,0,1,1,True,True,True,True,"[""fusion""]","[""fusion""]",[],[]
campanula rotundifolia|ecoflora,campanula rotundifolia,ecoflora,petal colour,0,0,0,0,0,False,False,False,True,[],[],[],[]
campanula rotundifolia|ecoflora,campanula rotundifolia,ecoflora,petal min. width [cm],0,0,0,0,0,False,False,False,True,[],[],[],[]
campanula rotundifolia|ecoflora,campanula rotundifolia,ecoflora,petal max. width [cm],0,0,0,0,0,False,False,False,True,[],[],[],[]
campanula rotundifolia|ecoflora,campanula rotundifolia,ecoflora,calyx colour,0,0,0,0,0,False,False,False,True,[],[],[],[]
campanula rotundifolia|ecoflora,campanula rotundifolia,ecoflora,calyx min. length [cm],1,0,0,1,1,True,True,True,True,"[""0.2""]","[""0.2""]",[],[]
campanula rotundifolia|ecoflora,campanula rotundifolia,ecoflora,calyx max. length [cm],1,0,0,1,1,True,True,True,True,"[""0.2""]","[""0.2""]",[],[]
campanula rotundifolia|ecoflora,campanula rotundifolia,ecoflora,corolla colour,2,0,0,2,2,True,True,True,True,"[""blue"", ""white""]","[""blue"", ""white""]",[],[]
campanula rotundifolia|ecoflora,campanula rotundifolia,ecoflora,corolla tube min. length [cm],1,0,0,1,1,True,True,True,True,"[""1.2""]","[""1.2""]",[],[]
campanula rotundifolia|ecoflora,campanula rotundifolia,ecoflora,corolla tube max. length [cm],1,0,0,1,1,True,True,True,True,"[""2.0""]","[""2.0""]",[],[]
campanula rotundifolia|ecoflora,campanula rotundifolia,ecoflora,corolla tube lipped,0,0,0,0,0,False,False,False,True,[],[],[],[]
campanula rotundifolia|ecoflora,campanula rotundifolia,ecoflora,labellum colour,0,0,0,0,0,False,False,False,True,[],[],[],[]
campanula rotundifolia|ecoflora,campanula rotundifolia,ecoflora,labellum min. width [cm],0,0,0,0,0,False,False,False,True,[],[],[],[]
campanula rotundifolia|ecoflora,campanula rotundifolia,ecoflora,labellum max. width [cm],0,0,0,0,0,False,False,False,True,[],[],[],[]
campanula rotundifolia|ecoflora,campanula rotundifolia,ecoflora,spur min. length [cm],0,0,0,0,0,False,False,False,True,[],[],[],[]
campanula rotundifolia|ecoflora,campanula rotundifolia,ecoflora,spur max. length [cm],0,0,0,0,0,False,False,False,True,[],[],[],[]
campanula rotundifolia|ecoflora,campanula rotundifolia,ecoflora,reproduction architecture,0,0,0,0,0,False,False,False,True,[],[],[],[]
campanula rotundifolia|ecoflora,campanula rotundifolia,ecoflora,reproduction system,0,0,0,0,0,False,False,False,True,[],[],[],[]
campanula rotundifolia|ecoflora,campanula rotundifolia,ecoflora,stamen number,1,0,0,1,1,True,True,True,True,"[""5.0""]","[""5.0""]",[],[]
campanula rotundifolia|ecoflora,campanula rotundifolia,ecoflora,stamen arrangement,0,0,0,0,0,False,False,False,True,[],[],[],[]
campanula rotundifolia|ecoflora,campanula rotundifolia,ecoflora,stamenoid number,0,0,0,0,0,False,False,False,True,[],[],[],[]
campanula rotundifolia|ecoflora,campanula rotundifolia,ecoflora,stamen min. length [cm],0,0,0,0,0,False,False,False,True,[],[],[],[]
campanula rotundifolia|ecoflora,campanula rotundifolia,ecoflora,stamen max. length [cm],0,0,0,0,0,False,False,False,True,[],[],[],[]
campanula rotundifolia|ecoflora,campanula rotundifolia,ecoflora,staminodium,0,0,0,0,0,False,False,False,True,[],[],[],[]
campanula rotundifolia|ecoflora,campanula rotundifolia,ecoflora,pollen colour,0,0,0,0,0,False,False,False,True,[],[],[],[]
campanula rotundifolia|ecoflora,campanula rotundifolia,ecoflora,carpel/ovary number,0,0,0,0,0,False,False,False,True,[],[],[],[]
campanula rotundifolia|ecoflora,campanula rotundifolia,ecoflora,gynoecium arrangement,0,0,0,0,0,False,False,False,True,[],[],[],[]
campanula rotundifolia|ecoflora,campanula rotundifolia,ecoflora,heterostyly,0,0,0,0,0,False,False,False,True,[],[],[],[]
campanula rotundifolia|ecoflora,campanula rotundifolia,ecoflora,pollination,0,0,0,0,0,False,False,False,True,[],[],[],[]
campanula rotundifolia|ecoflora,campanula rotundifolia,ecoflora,reward,0,0,0,0,0,False,False,False,True,[],[],[],[]
campanula rotundifolia|ecoflora,campanula rotundifolia,ecoflora,fruit type,1,0,0,1,1,True,True,True,True,"[""capsule""]","[""capsule""]",[],[]
campanula rotundifolia|ecoflora,campanula rotundifolia,ecoflora,fruit structure,1,0,0,1,1,True,True,True,True,"[""dry""]","[""dry""]",[],[]
campanula rotundifolia|ecoflora,campanula rotundifolia,ecoflora,fruit dehiscence,1,0,0,1,1,True,True,True,True,"[""dehiscent""]","[""dehiscent""]",[],[]
campanula rotundifolia|ecoflora,campanula rotundifolia,ecoflora,fruit shape,0,0,0,0,0,False,False,False,True,[],[],[],[]
campanula rotundifolia|ecoflora,campanula rotundifolia,ecoflora,fruit colour,0,0,0,0,0,False,False,False,True,[],[],[],[]
campanula rotundifolia|ecoflora,campanula rotundifolia,ecoflora,seed colour,0,0,0,0,0,False,False,False,True,[],[],[],[]
campanula rotundifolia|ecoflora,campanula rotundifolia,ecoflora,seeds per fruit min,0,0,0,0,0,False,False,False,True,[],[],[],[]
campanula rotundifolia|ecoflora,campanula rotundifolia,ecoflora,seeds per fruit max,0,0,0,0,0,False,False,False,True,[],[],[],[]
campanula rotundifolia|ecoflora,campanula rotundifolia,ecoflora,seeds per fruit min.,0,0,0,0,0,False,False,False,True,[],[],[],[]
campanula rotundifolia|ecoflora,campanula rotundifolia,ecoflora,seed min. width [mm],0,0,0,0,0,False,False,False,True,[],[],[],[]
campanula rotundifolia|ecoflora,campanula rotundifolia,ecoflora,seed max. width [mm],0,0,0,0,0,False,False,False,True,[],[],[],[]
campanula rotundifolia|ecoflora,campanula rotundifolia,ecoflora,seed min. length [mm],0,0,0,0,0,False,False,False,True,[],[],[],[]
campanula rotundifolia|ecoflora,campanula rotundifolia,ecoflora,seed max. length [mm],0,0,0,0,0,False,False,False,True,[],[],[],[]
campanula rotundifolia|ecoflora,campanula rotundifolia,ecoflora,seed min. diameter [mm],0,0,0,0,0,False,False,False,True,[],[],[],[]
campanula rotundifolia|ecoflora,campanula rotundifolia,ecoflora,seed max. diameter [mm],0,0,0,0,0,False,False,False,True,[],[],[],[]
campanula rotundifolia|ecoflora,campanula rotundifolia,ecoflora,dispersal mode,0,0,0,0,0,False,False,False,True,[],[],[],[]
campanula rotundifolia|ecoflora,campanula rotundifolia,ecoflora,ploidy level (2n),1,0,0,1,1,True,True,True,True,"[""68""]","[""68""]",[],[]
campanula rotundifolia|ecoflora,campanula rotundifolia,ecoflora,root min. depth [cm],0,0,0,0,0,False,False,False,True,[],[],[],[]
campanula rotundifolia|ecoflora,campanula rotundifolia,ecoflora,root max. depth [cm],0,0,0,0,0,False,False,False,True,[],[],[],[]
cardamine pratensis|efloras.flora_of_north_america,cardamine pratensis,efloras.flora_of_north_america,life form,1,0,0,1,1,True,True,True,True,"[""perennial""]","[""perennial""]",[],[]
cardamine pratensis|efloras.flora_of_north_america,cardamine pratensis,efloras.flora_of_north_america,habitat,1,0,0,1,1,True,True,True,True,"[""terrestrial""]","[""terrestrial""]",[],[]
cardamine pratensis|efloras.flora_of_north_america,cardamine pratensis,efloras.flora_of_north_america,habit,2,0,0,2,2,True,True,True,True,"[""erect leafy"", ""erect leafy/tussock""]","[""erect leafy"", ""erect leafy/tussock""]",[],[]
cardamine pratensis|efloras.flora_of_north_america,cardamine pratensis,efloras.flora_of_north_america,clonality,2,0,0,2,2,True,True,True,True,"[""rhizome"", ""solitary plant""]","[""rhizome"", ""solitary plant""]",[],[]
cardamine pratensis|efloras.flora_of_north_america,cardamine pratensis,efloras.flora_of_north_america,perennial organ,2,0,0,2,2,True,True,True,True,"[""rhizome"", ""stem""]","[""rhizome"", ""stem""]",[],[]
cardamine pratensis|efloras.flora_of_north_america,cardamine pratensis,efloras.flora_of_north_america,plant min. height [m],0,0,0,0,0,False,False,False,True,[],[],[],[]
cardamine pratensis|efloras.flora_of_north_america,cardamine pratensis,efloras.flora_of_north_america,plant max. height [m],0,0,0,0,0,False,False,False,True,[],[],[],[]
cardamine pratensis|efloras.flora_of_north_america,cardamine pratensis,efloras.flora_of_north_america,indumentum,0,0,1,1,0,True,False,True,False,"[""glabrous""]",[],[],"[""glabrous""]"
cardamine pratensis|efloras.flora_of_north_america,cardamine pratensis,efloras.flora_of_north_america,spinescence,0,0,0,0,0,False,False,False,True,[],[],[],[]
cardamine pratensis|efloras.flora_of_north_america,cardamine pratensis,efloras.flora_of_north_america,succulence,0,1,0,0,1,False,True,True,False,[],"[""fleshy""]","[""fleshy""]",[]
cardamine pratensis|efloras.flora_of_north_america,cardamine pratensis,efloras.flora_of_north_america,leaf arrangement,1,0,0,1,1,True,True,True,True,"[""simple""]","[""simple""]",[],[]
cardamine pratensis|efloras.flora_of_north_america,cardamine pratensis,efloras.flora_of_north_america,leaf architecture,1,1,0,1,2,True,True,True,False,"[""pinnatipartite""]","[""pinnatipartite"", ""pinnatisect""]","[""pinnatisect""]",[]
cardamine pratensis|efloras.flora_of_north_america,cardamine pratensis,efloras.flora_of_north_america,leaf position,0,0,0,0,0,False,False,False,True,[],[],[],[]
cardamine pratensis|efloras.flora_of_north_america,cardamine pratensis,efloras.flora_of_north_america,leaf shape,0,0,6,6,0,True,False,True,False,"[""lanceolate"", ""linear"", ""oblong"", ""obovate"", ""orbicular"", ""ovate""]",[],[],"[""lanceolate"", ""linear"", ""oblong"", ""obovate"", ""orbicular"", ""ovate""]"
cardamine pratensis|efloras.flora_of_north_america,cardamine pratensis,efloras.flora_of_north_america,leaf apex,0,0,0,0,0,False,False,False,True,[],[],[],[]
cardamine pratensis|efloras.flora_of_north_america,cardamine pratensis,efloras.flora_of_north_america,leaf base,0,0,0,0,0,False,False,False,True,[],[],[],[]
cardamine pratensis|efloras.flora_of_north_america,cardamine pratensis,efloras.flora_of_north_america,leaf margin,0,0,4,4,0,True,False,True,False,"[""crenate"", ""dentate"", ""entire"", ""repand""]",[],[],"[""crenate"", ""dentate"", ""entire"", ""repand""]"
cardamine pratensis|efloras.flora_of_north_america,cardamine pratensis,efloras.flora_of_north_america,leaf min. width [cm],1,0,0,1,1,True,True,True,True,"[""2.0""]","[""2.0""]",[],[]
cardamine pratensis|efloras.flora_of_north_america,cardamine pratensis,efloras.flora_of_north_america,leaf max. width [cm],1,0,0,1,1,True,True,True,True,"[""17.0""]","[""17.0""]",[],[]
cardamine pratensis|efloras.flora_of_north_america,cardamine pratensis,efloras.flora_of_north_america,leaf min. length [cm],1,0,0,1,1,True,True,True,True,"[""30.0""]","[""30.0""]",[],[]
cardamine pratensis|efloras.flora_of_north_america,cardamine pratensis,efloras.flora_of_north_america,leaf max. length [cm],1,0,0,1,1,True,True,True,True,"[""30.0""]","[""30.0""]",[],[]
cardamine pratensis|efloras.flora_of_north_america,cardamine pratensis,efloras.flora_of_north_america,bract colour,0,0,0,0,0,False,False,False,True,[],[],[],[]
cardamine pratensis|efloras.flora_of_north_america,cardamine pratensis,efloras.flora_of_north_america,bracteole colour,0,0,0,0,0,False,False,False,True,[],[],[],[]
cardamine pratensis|efloras.flora_of_north_america,cardamine pratensis,efloras.flora_of_north_america,inflorescence arrangement,0,0,1,1,0,True,False,True,False,"[""raceme""]",[],[],"[""raceme""]"
cardamine pratensis|efloras.flora_of_north_america,cardamine pratensis,efloras.flora_of_north_america,inflorescence orientation,1,0,0,1,1,True,True,True,True,"[""erect""]","[""erect""]",[],[]
cardamine pratensis|efloras.flora_of_north_america,cardamine pratensis,efloras.flora_of_north_america,flower sex,0,0,0,0,0,False,False,False,True,[],[],[],[]
cardamine pratensis|efloras.flora_of_north_america,cardamine pratensis,efloras.flora_of_north_america,flower architecture,0,0,0,0,0,False,False,False,True,[],[],[],[]
cardamine pratensis|efloras.flora_of_north_america,cardamine pratensis,efloras.flora_of_north_america,flower merosity,0,0,0,0,0,False,False,False,True,[],[],[],[]
cardamine pratensis|efloras.flora_of_north_america,cardamine pratensis,efloras.flora_of_north_america,flower symmetry,0,0,0,0,0,False,False,False,True,[],[],[],[]
cardamine pratensis|efloras.flora_of_north_america,cardamine pratensis,efloras.flora_of_north_america,flower shape,0,0,0,0,0,False,False,False,True,[],[],[],[]
cardamine pratensis|efloras.flora_of_north_america,cardamine pratensis,efloras.flora_of_north_america,flower colour,0,0,0,0,0,False,False,False,True,[],[],[],[]
cardamine pratensis|efloras.flora_of_north_america,cardamine pratensis,efloras.flora_of_north_america,flower orientation,1,0,0,1,1,True,True,True,True,"[""erect""]","[""erect""]",[],[]
cardamine pratensis|efloras.flora_of_north_america,cardamine pratensis,efloras.flora_of_north_america,petal fusion,0,0,0,0,0,False,False,False,True,[],[],[],[]
cardamine pratensis|efloras.flora_of_north_america,cardamine pratensis,efloras.flora_of_north_america,petal colour,2,0,0,2,2,True,True,True,True,"[""purple"", ""white""]","[""purple"", ""white""]",[],[]
cardamine pratensis|efloras.flora_of_north_america,cardamine pratensis,efloras.flora_of_north_america,petal min. width [cm],1,0,0,1,1,True,True,True,True,"[""0.3""]","[""0.3""]",[],[]
cardamine pratensis|efloras.flora_of_north_america,cardamine pratensis,efloras.flora_of_north_america,petal max. width [cm],1,0,0,1,1,True,True,True,True,"[""1.0""]","[""1.0""]",[],[]
cardamine pratensis|efloras.flora_of_north_america,cardamine pratensis,efloras.flora_of_north_america,calyx colour,0,0,0,0,0,False,False,False,True,[],[],[],[]
cardamine pratensis|efloras.flora_of_north_america,cardamine pratensis,efloras.flora_of_north_america,calyx min. length [cm],0,0,0,0,0,False,False,False,True,[],[],[],[]
cardamine pratensis|efloras.flora_of_north_america,cardamine pratensis,efloras.flora_of_north_america,calyx max. length [cm],0,0,0,0,0,False,False,False,True,[],[],[],[]
cardamine pratensis|efloras.flora_of_north_america,cardamine pratensis,efloras.flora_of_north_america,corolla colour,0,0,0,0,0,False,False,False,True,[],[],[],[]
cardamine pratensis|efloras.flora_of_north_america,cardamine pratensis,efloras.flora_of_north_america,corolla tube min. length [cm],0,0,0,0,0,False,False,False,True,[],[],[],[]
cardamine pratensis|efloras.flora_of_north_america,cardamine pratensis,efloras.flora_of_north_america,corolla tube max. length [cm],0,0,0,0,0,False,False,False,True,[],[],[],[]
cardamine pratensis|efloras.flora_of_north_america,cardamine pratensis,efloras.flora_of_north_america,corolla tube lipped,0,0,0,0,0,False,False,False,True,[],[],[],[]
cardamine pratensis|efloras.flora_of_north_america,cardamine pratensis,efloras.flora_of_north_america,labellum colour,0,0,0,0,0,False,False,False,True,[],[],[],[]
cardamine pratensis|efloras.flora_of_north_america,cardamine pratensis,efloras.flora_of_north_america,labellum min. width [cm],0,0,0,0,0,False,False,False,True,[],[],[],[]
cardamine pratensis|efloras.flora_of_north_america,cardamine pratensis,efloras.flora_of_north_america,labellum max. width [cm],0,0,0,0,0,False,False,False,True,[],[],[],[]
cardamine pratensis|efloras.flora_of_north_america,cardamine pratensis,efloras.flora_of_north_america,spur min. length [cm],0,0,0,0,0,False,False,False,True,[],[],[],[]
cardamine pratensis|efloras.flora_of_north_america,cardamine pratensis,efloras.flora_of_north_america,spur max. length [cm],0,0,0,0,0,False,False,False,True,[],[],[],[]
cardamine pratensis|efloras.flora_of_north_america,cardamine pratensis,efloras.flora_of_north_america,reproduction architecture,0,0,0,0,0,False,False,False,True,[],[],[],[]
cardamine pratensis|efloras.flora_of_north_america,cardamine pratensis,efloras.flora_of_north_america,reproduction system,0,0,0,0,0,False,False,False,True,[],[],[],[]
cardamine pratensis|efloras.flora_of_north_america,cardamine pratensis,efloras.flora_of_north_america,stamen number,0,0,0,0,0,False,False,False,True,[],[],[],[]
cardamine pratensis|efloras.flora_of_north_america,cardamine pratensis,efloras.flora_of_north_america,stamen arrangement,0,0,0,0,0,False,False,False,True,[],[],[],[]
cardamine pratensis|efloras.flora_of_north_america,cardamine pratensis,efloras.flora_of_north_america,stamenoid number,0,0,0,0,0,False,False,False,True,[],[],[],[]
cardamine pratensis|efloras.flora_of_north_america,cardamine pratensis,efloras.flora_of_north_america,stamen min. length [cm],0,0,0,0,0,False,False,False,True,[],[],[],[]
cardamine pratensis|efloras.flora_of_north_america,cardamine pratensis,efloras.flora_of_north_america,stamen max. length [cm],0,0,0,0,0,False,False,False,True,[],[],[],[]
cardamine pratensis|efloras.flora_of_north_america,cardamine pratensis,efloras.flora_of_north_america,staminodium,0,0,0,0,0,False,False,False,True,[],[],[],[]
cardamine pratensis|efloras.flora_of_north_america,cardamine pratensis,efloras.flora_of_north_america,pollen colour,0,0,0,0,0,False,False,False,True,[],[],[],[]
cardamine pratensis|efloras.flora_of_north_america,cardamine pratensis,efloras.flora_of_north_america,carpel/ovary number,0,0,0,0,0,False,False,False,True,[],[],[],[]
cardamine pratensis|efloras.flora_of_north_america,cardamine pratensis,efloras.flora_of_north_america,gynoecium arrangement,0,0,0,0,0,False,False,False,True,[],[],[],[]
cardamine pratensis|efloras.flora_of_north_america,cardamine pratensis,efloras.flora_of_north_america,heterostyly,0,0,0,0,0,False,False,False,True,[],[],[],[]
cardamine pratensis|efloras.flora_of_north_america,cardamine pratensis,efloras.flora_of_north_america,pollination,0,0,0,0,0,False,False,False,True,[],[],[],[]
cardamine pratensis|efloras.flora_of_north_america,cardamine pratensis,efloras.flora_of_north_america,reward,0,0,0,0,0,False,False,False,True,[],[],[],[]
cardamine pratensis|efloras.flora_of_north_america,cardamine pratensis,efloras.flora_of_north_america,fruit type,0,0,0,0,0,False,False,False,True,[],[],[],[]
cardamine pratensis|efloras.flora_of_north_america,cardamine pratensis,efloras.flora_of_north_america,fruit structure,0,0,0,0,0,False,False,False,True,[],[],[],[]
cardamine pratensis|efloras.flora_of_north_america,cardamine pratensis,efloras.flora_of_north_america,fruit dehiscence,0,0,0,0,0,False,False,False,True,[],[],[],[]
cardamine pratensis|efloras.flora_of_north_america,cardamine pratensis,efloras.flora_of_north_america,fruit shape,0,0,0,0,0,False,False,False,True,[],[],[],[]
cardamine pratensis|efloras.flora_of_north_america,cardamine pratensis,efloras.flora_of_north_america,fruit colour,0,0,0,0,0,False,False,False,True,[],[],[],[]
cardamine pratensis|efloras.flora_of_north_america,cardamine pratensis,efloras.flora_of_north_america,seed colour,1,0,0,1,1,True,True,True,True,"[""brown""]","[""brown""]",[],[]
cardamine pratensis|efloras.flora_of_north_america,cardamine pratensis,efloras.flora_of_north_america,seeds per fruit min,0,0,0,0,0,False,False,False,True,[],[],[],[]
cardamine pratensis|efloras.flora_of_north_america,cardamine pratensis,efloras.flora_of_north_america,seeds per fruit max,0,0,0,0,0,False,False,False,True,[],[],[],[]
cardamine pratensis|efloras.flora_of_north_america,cardamine pratensis,efloras.flora_of_north_america,seeds per fruit min.,0,0,0,0,0,False,False,False,True,[],[],[],[]
cardamine pratensis|efloras.flora_of_north_america,cardamine pratensis,efloras.flora_of_north_america,seed min. width [mm],1,0,0,1,1,True,True,True,True,"[""1.0""]","[""1.0""]",[],[]
cardamine pratensis|efloras.flora_of_north_america,cardamine pratensis,efloras.flora_of_north_america,seed max. width [mm],1,0,0,1,1,True,True,True,True,"[""1.4""]","[""1.4""]",[],[]
cardamine pratensis|efloras.flora_of_north_america,cardamine pratensis,efloras.flora_of_north_america,seed min. length [mm],1,0,0,1,1,True,True,True,True,"[""1.2""]","[""1.2""]",[],[]
cardamine pratensis|efloras.flora_of_north_america,cardamine pratensis,efloras.flora_of_north_america,seed max. length [mm],1,0,0,1,1,True,True,True,True,"[""2.0""]","[""2.0""]",[],[]
cardamine pratensis|efloras.flora_of_north_america,cardamine pratensis,efloras.flora_of_north_america,seed min. diameter [mm],0,0,0,0,0,False,False,False,True,[],[],[],[]
cardamine pratensis|efloras.flora_of_north_america,cardamine pratensis,efloras.flora_of_north_america,seed max. diameter [mm],0,0,0,0,0,False,False,False,True,[],[],[],[]
cardamine pratensis|efloras.flora_of_north_america,cardamine pratensis,efloras.flora_of_north_america,dispersal mode,0,0,0,0,0,False,False,False,True,[],[],[],[]
cardamine pratensis|efloras.flora_of_north_america,cardamine pratensis,efloras.flora_of_north_america,ploidy level (2n),1,0,0,1,1,True,True,True,True,"[""16.""]","[""16.""]",[],[]
cardamine pratensis|efloras.flora_of_north_america,cardamine pratensis,efloras.flora_of_north_america,root min. depth [cm],0,0,0,0,0,False,False,False,True,[],[],[],[]
cardamine pratensis|efloras.flora_of_north_america,cardamine pratensis,efloras.flora_of_north_america,root max. depth [cm],0,0,0,0,0,False,False,False,True,[],[],[],[]
centaurea nigra|efloras.flora_of_north_america,centaurea nigra,efloras.flora_of_north_america,life form,1,0,0,1,1,True,True,True,True,"[""perennial""]","[""perennial""]",[],[]
centaurea nigra|efloras.flora_of_north_america,centaurea nigra,efloras.flora_of_north_america,habitat,1,0,0,1,1,True,True,True,True,"[""terrestrial""]","[""terrestrial""]",[],[]
centaurea nigra|efloras.flora_of_north_america,centaurea nigra,efloras.flora_of_north_america,habit,1,0,0,1,1,True,True,True,True,"[""erect leafy""]","[""erect leafy""]",[],[]
centaurea nigra|efloras.flora_of_north_america,centaurea nigra,efloras.flora_of_north_america,clonality,1,0,0,1,1,True,True,True,True,"[""solitary plant""]","[""solitary plant""]",[],[]
centaurea nigra|efloras.flora_of_north_america,centaurea nigra,efloras.flora_of_north_america,perennial organ,1,0,0,1,1,True,True,True,True,"[""stem""]","[""stem""]",[],[]
centaurea nigra|efloras.flora_of_north_america,centaurea nigra,efloras.flora_of_north_america,plant min. height [m],1,0,0,1,1,True,True,True,True,"[""0.3""]","[""0.3""]",[],[]
centaurea nigra|efloras.flora_of_north_america,centaurea nigra,efloras.flora_of_north_america,plant max. height [m],1,0,0,1,1,True,True,True,True,"[""1.5""]","[""1.5""]",[],[]
centaurea nigra|efloras.flora_of_north_america,centaurea nigra,efloras.flora_of_north_america,indumentum,0,0,4,4,0,True,False,True,False,"[""glabrous"", ""hairy"", ""scabrous"", ""tomentose""]",[],[],"[""glabrous"", ""hairy"", ""scabrous"", ""tomentose""]"
centaurea nigra|efloras.flora_of_north_america,centaurea nigra,efloras.flora_of_north_america,spinescence,0,0,0,0,0,False,False,False,True,[],[],[],[]
centaurea nigra|efloras.flora_of_north_america,centaurea nigra,efloras.flora_of_north_america,succulence,0,0,0,0,0,False,False,False,True,[],[],[],[]
centaurea nigra|efloras.flora_of_north_america,centaurea nigra,efloras.flora_of_north_america,leaf arrangement,1,0,0,1,1,True,True,True,True,"[""simple""]","[""simple""]",[],[]
centaurea nigra|efloras.flora_of_north_america,centaurea nigra,efloras.flora_of_north_america,leaf architecture,0,2,0,0,2,False,True,True,False,[],"[""decurrent"", ""lobed""]","[""decurrent"", ""lobed""]",[]
centaurea nigra|efloras.flora_of_north_america,centaurea nigra,efloras.flora_of_north_america,leaf position,0,0,0,0,0,False,False,False,True,[],[],[],[]
centaurea nigra|efloras.flora_of_north_america,centaurea nigra,efloras.flora_of_north_america,leaf shape,5,1,0,5,6,True,True,True,False,"[""elliptic"", ""lanceolate"", ""linear"", ""lobate"", ""spatulate""]","[""elliptic"", ""lanceolate"", ""linear"", ""lobate"", ""oblanceolate"", ""spatulate""]","[""oblanceolate""]",[]
centaurea nigra|efloras.flora_of_north_america,centaurea nigra,efloras.flora_of_north_america,leaf apex,1,1,0,1,2,True,True,True,False,"[""acute""]","[""acute"", ""lanceolate""]","[""lanceolate""]",[]
centaurea nigra|efloras.flora_of_north_america,centaurea nigra,efloras.flora_of_north_america,leaf base,1,0,0,1,1,True,True,True,True,"[""attenuate""]","[""attenuate""]",[],[]
centaurea nigra|efloras.flora_of_north_america,centaurea nigra,efloras.flora_of_north_america,leaf margin,2,0,0,2,2,True,True,True,True,"[""dentate"", ""entire""]","[""dentate"", ""entire""]",[],[]
centaurea nigra|efloras.flora_of_north_america,centaurea nigra,efloras.flora_of_north_america,leaf min. width [cm],0,0,0,0,0,False,False,False,True,[],[],[],[]
centaurea nigra|efloras.flora_of_north_america,centaurea nigra,efloras.flora_of_north_america,leaf max. width [cm],0,0,0,0,0,False,False,False,True,[],[],[],[]
centaurea nigra|efloras.flora_of_north_america,centaurea nigra,efloras.flora_of_north_america,leaf min. length [cm],1,0,0,1,1,True,True,True,True,"[""5.0""]","[""5.0""]",[],[]
centaurea nigra|efloras.flora_of_north_america,centaurea nigra,efloras.flora_of_north_america,leaf max. length [cm],1,0,0,1,1,True,True,True,True,"[""25.0""]","[""25.0""]",[],[]
centaurea nigra|efloras.flora_of_north_america,centaurea nigra,efloras.flora_of_north_america,bract colour,0,0,0,0,0,False,False,False,True,[],[],[],[]
centaurea nigra|efloras.flora_of_north_america,centaurea nigra,efloras.flora_of_north_america,bracteole colour,0,0,0,0,0,False,False,False,True,[],[],[],[]
centaurea nigra|efloras.flora_of_north_america,centaurea nigra,efloras.flora_of_north_america,inflorescence arrangement,2,0,0,2,2,True,True,True,True,"[""capitulum"", ""corymb""]","[""capitulum"", ""corymb""]",[],[]
centaurea nigra|efloras.flora_of_north_america,centaurea nigra,efloras.flora_of_north_america,inflorescence orientation,0,0,0,0,0,False,False,False,True,[],[],[],[]
centaurea nigra|efloras.flora_of_north_america,centaurea nigra,efloras.flora_of_north_america,flower sex,0,0,0,0,0,False,False,False,True,[],[],[],[]
centaurea nigra|efloras.flora_of_north_america,centaurea nigra,efloras.flora_of_north_america,flower architecture,0,0,0,0,0,False,False,False,True,[],[],[],[]
centaurea nigra|efloras.flora_of_north_america,centaurea nigra,efloras.flora_of_north_america,flower merosity,0,0,0,0,0,False,False,False,True,[],[],[],[]
centaurea nigra|efloras.flora_of_north_america,centaurea nigra,efloras.flora_of_north_america,flower symmetry,0,0,0,0,0,False,False,False,True,[],[],[],[]
centaurea nigra|efloras.flora_of_north_america,centaurea nigra,efloras.flora_of_north_america,flower shape,0,0,0,0,0,False,False,False,True,[],[],[],[]
centaurea nigra|efloras.flora_of_north_america,centaurea nigra,efloras.flora_of_north_america,flower colour,0,0,0,0,0,False,False,False,True,[],[],[],[]
centaurea nigra|efloras.flora_of_north_america,centaurea nigra,efloras.flora_of_north_america,flower orientation,0,0,0,0,0,False,False,False,True,[],[],[],[]
centaurea nigra|efloras.flora_of_north_america,centaurea nigra,efloras.flora_of_north_america,petal fusion,0,0,0,0,0,False,False,False,True,[],[],[],[]
centaurea nigra|efloras.flora_of_north_america,centaurea nigra,efloras.flora_of_north_america,petal colour,0,0,0,0,0,False,False,False,True,[],[],[],[]
centaurea nigra|efloras.flora_of_north_america,centaurea nigra,efloras.flora_of_north_america,petal min. width [cm],0,0,0,0,0,False,False,False,True,[],[],[],[]
centaurea nigra|efloras.flora_of_north_america,centaurea nigra,efloras.flora_of_north_america,petal max. width [cm],0,0,0,0,0,False,False,False,True,[],[],[],[]
centaurea nigra|efloras.flora_of_north_america,centaurea nigra,efloras.flora_of_north_america,calyx colour,0,0,0,0,0,False,False,False,True,[],[],[],[]
centaurea nigra|efloras.flora_of_north_america,centaurea nigra,efloras.flora_of_north_america,calyx min. length [cm],0,0,0,0,0,False,False,False,True,[],[],[],[]
centaurea nigra|efloras.flora_of_north_america,centaurea nigra,efloras.flora_of_north_america,calyx max. length [cm],0,0,0,0,0,False,False,False,True,[],[],[],[]
centaurea nigra|efloras.flora_of_north_america,centaurea nigra,efloras.flora_of_north_america,corolla colour,2,0,0,2,2,True,True,True,True,"[""purple"", ""white""]","[""purple"", ""white""]",[],[]
centaurea nigra|efloras.flora_of_north_america,centaurea nigra,efloras.flora_of_north_america,corolla tube min. length [cm],1,0,0,1,1,True,True,True,True,"[""1.5""]","[""1.5""]",[],[]
centaurea nigra|efloras.flora_of_north_america,centaurea nigra,efloras.flora_of_north_america,corolla tube max. length [cm],1,0,0,1,1,True,True,True,True,"[""1.8""]","[""1.8""]",[],[]
centaurea nigra|efloras.flora_of_north_america,centaurea nigra,efloras.flora_of_north_america,corolla tube lipped,0,0,0,0,0,False,False,False,True,[],[],[],[]
centaurea nigra|efloras.flora_of_north_america,centaurea nigra,efloras.flora_of_north_america,labellum colour,0,0,0,0,0,False,False,False,True,[],[],[],[]
centaurea nigra|efloras.flora_of_north_america,centaurea nigra,efloras.flora_of_north_america,labellum min. width [cm],0,0,0,0,0,False,False,False,True,[],[],[],[]
centaurea nigra|efloras.flora_of_north_america,centaurea nigra,efloras.flora_of_north_america,labellum max. width [cm],0,0,0,0,0,False,False,False,True,[],[],[],[]
centaurea nigra|efloras.flora_of_north_america,centaurea nigra,efloras.flora_of_north_america,spur min. length [cm],0,0,0,0,0,False,False,False,True,[],[],[],[]
centaurea nigra|efloras.flora_of_north_america,centaurea nigra,efloras.flora_of_north_america,spur max. length [cm],0,0,0,0,0,False,False,False,True,[],[],[],[]
centaurea nigra|efloras.flora_of_north_america,centaurea nigra,efloras.flora_of_north_america,reproduction architecture,0,0,0,0,0,False,False,False,True,[],[],[],[]
centaurea nigra|efloras.flora_of_north_america,centaurea nigra,efloras.flora_of_north_america,reproduction system,0,0,0,0,0,False,False,False,True,[],[],[],[]
centaurea nigra|efloras.flora_of_north_america,centaurea nigra,efloras.flora_of_north_america,stamen number,0,0,0,0,0,False,False,False,True,[],[],[],[]
centaurea nigra|efloras.flora_of_north_america,centaurea nigra,efloras.flora_of_north_america,stamen arrangement,0,0,0,0,0,False,False,False,True,[],[],[],[]
centaurea nigra|efloras.flora_of_north_america,centaurea nigra,efloras.flora_of_north_america,stamenoid number,0,0,0,0,0,False,False,False,True,[],[],[],[]
centaurea nigra|efloras.flora_of_north_america,centaurea nigra,efloras.flora_of_north_america,stamen min. length [cm],0,0,0,0,0,False,False,False,True,[],[],[],[]
centaurea nigra|efloras.flora_of_north_america,centaurea nigra,efloras.flora_of_north_america,stamen max. length [cm],0,0,0,0,0,False,False,False,True,[],[],[],[]
centaurea nigra|efloras.flora_of_north_america,centaurea nigra,efloras.flora_of_north_america,staminodium,0,0,0,0,0,False,False,False,True,[],[],[],[]
centaurea nigra|efloras.flora_of_north_america,centaurea nigra,efloras.flora_of_north_america,pollen colour,0,0,0,0,0,False,False,False,True,[],[],[],[]
centaurea nigra|efloras.flora_of_north_america,centaurea nigra,efloras.flora_of_north_america,carpel/ovary number,0,0,0,0,0,False,False,False,True,[],[],[],[]
centaurea nigra|efloras.flora_of_north_america,centaurea nigra,efloras.flora_of_north_america,gynoecium arrangement,0,0,0,0,0,False,False,False,True,[],[],[],[]
centaurea nigra|efloras.flora_of_north_america,centaurea nigra,efloras.flora_of_north_america,heterostyly,0,0,0,0,0,False,False,False,True,[],[],[],[]
centaurea nigra|efloras.flora_of_north_america,centaurea nigra,efloras.flora_of_north_america,pollination,0,0,0,0,0,False,False,False,True,[],[],[],[]
centaurea nigra|efloras.flora_of_north_america,centaurea nigra,efloras.flora_of_north_america,reward,0,0,0,0,0,False,False,False,True,[],[],[],[]
centaurea nigra|efloras.flora_of_north_america,centaurea nigra,efloras.flora_of_north_america,fruit type,0,0,1,1,0,True,False,True,False,"[""cypsela""]",[],[],"[""cypsela""]"
centaurea nigra|efloras.flora_of_north_america,centaurea nigra,efloras.flora_of_north_america,fruit structure,0,0,0,0,0,False,False,False,True,[],[],[],[]
centaurea nigra|efloras.flora_of_north_america,centaurea nigra,efloras.flora_of_north_america,fruit dehiscence,0,0,0,0,0,False,False,False,True,[],[],[],[]
centaurea nigra|efloras.flora_of_north_america,centaurea nigra,efloras.flora_of_north_america,fruit shape,0,0,0,0,0,False,False,False,True,[],[],[],[]
centaurea nigra|efloras.flora_of_north_america,centaurea nigra,efloras.flora_of_north_america,fruit colour,0,0,0,0,0,False,False,False,True,[],[],[],[]
centaurea nigra|efloras.flora_of_north_america,centaurea nigra,efloras.flora_of_north_america,seed colour,0,0,0,0,0,False,False,False,True,[],[],[],[]
centaurea nigra|efloras.flora_of_north_america,centaurea nigra,efloras.flora_of_north_america,seeds per fruit min,0,0,0,0,0,False,False,False,True,[],[],[],[]
centaurea nigra|efloras.flora_of_north_america,centaurea nigra,efloras.flora_of_north_america,seeds per fruit max,0,0,0,0,0,False,False,False,True,[],[],[],[]
centaurea nigra|efloras.flora_of_north_america,centaurea nigra,efloras.flora_of_north_america,seeds per fruit min.,0,0,0,0,0,False,False,False,True,[],[],[],[]
centaurea nigra|efloras.flora_of_north_america,centaurea nigra,efloras.flora_of_north_america,seed min. width [mm],0,0,0,0,0,False,False,False,True,[],[],[],[]
centaurea nigra|efloras.flora_of_north_america,centaurea nigra,efloras.flora_of_north_america,seed max. width [mm],0,0,0,0,0,False,False,False,True,[],[],[],[]
centaurea nigra|efloras.flora_of_north_america,centaurea nigra,efloras.flora_of_north_america,seed min. length [mm],0,0,0,0,0,False,False,False,True,[],[],[],[]
centaurea nigra|efloras.flora_of_north_america,centaurea nigra,efloras.flora_of_north_america,seed max. length [mm],0,0,0,0,0,False,False,False,True,[],[],[],[]
centaurea nigra|efloras.flora_of_north_america,centaurea nigra,efloras.flora_of_north_america,seed min. diameter [mm],0,0,0,0,0,False,False,False,True,[],[],[],[]
centaurea nigra|efloras.flora_of_north_america,centaurea nigra,efloras.flora_of_north_america,seed max. diameter [mm],0,0,0,0,0,False,False,False,True,[],[],[],[]
centaurea nigra|efloras.flora_of_north_america,centaurea nigra,efloras.flora_of_north_america,dispersal mode,1,0,0,1,1,True,True,True,True,"[""ectozoochory""]","[""ectozoochory""]",[],[]
centaurea nigra|efloras.flora_of_north_america,centaurea nigra,efloras.flora_of_north_america,ploidy level (2n),2,0,0,2,2,True,True,True,True,"[""22"", ""44""]","[""22"", ""44""]",[],[]
centaurea nigra|efloras.flora_of_north_america,centaurea nigra,efloras.flora_of_north_america,root min. depth [cm],0,0,0,0,0,False,False,False,True,[],[],[],[]
centaurea nigra|efloras.flora_of_north_america,centaurea nigra,efloras.flora_of_north_america,root max. depth [cm],0,0,0,0,0,False,False,False,True,[],[],[],[]
cynosurus cristatus|efloras.flora_of_china,cynosurus cristatus,efloras.flora_of_china,life form,1,0,0,1,1,True,True,True,True,"[""perennial""]","[""perennial""]",[],[]
cynosurus cristatus|efloras.flora_of_china,cynosurus cristatus,efloras.flora_of_china,habitat,1,0,0,1,1,True,True,True,True,"[""terrestrial""]","[""terrestrial""]",[],[]
cynosurus cristatus|efloras.flora_of_china,cynosurus cristatus,efloras.flora_of_china,habit,3,0,0,3,3,True,True,True,True,"[""caespitose"", ""erect leafy/tussock"", ""tussock""]","[""caespitose"", ""erect leafy/tussock"", ""tussock""]",[],[]
cynosurus cristatus|efloras.flora_of_china,cynosurus cristatus,efloras.flora_of_china,clonality,1,0,0,1,1,True,True,True,True,"[""rhizomatous""]","[""rhizomatous""]",[],[]
cynosurus cristatus|efloras.flora_of_china,cynosurus cristatus,efloras.flora_of_china,perennial organ,1,0,0,1,1,True,True,True,True,"[""rhizome""]","[""rhizome""]",[],[]
cynosurus cristatus|efloras.flora_of_china,cynosurus cristatus,efloras.flora_of_china,plant min. height [m],0,0,0,0,0,False,False,False,True,[],[],[],[]
cynosurus cristatus|efloras.flora_of_china,cynosurus cristatus,efloras.flora_of_china,plant max. height [m],0,0,0,0,0,False,False,False,True,[],[],[],[]
cynosurus cristatus|efloras.flora_of_china,cynosurus cristatus,efloras.flora_of_china,indumentum,1,0,0,1,1,True,True,True,True,"[""glabrous""]","[""glabrous""]",[],[]
cynosurus cristatus|efloras.flora_of_china,cynosurus cristatus,efloras.flora_of_china,spinescence,0,0,0,0,0,False,False,False,True,[],[],[],[]
cynosurus cristatus|efloras.flora_of_china,cynosurus cristatus,efloras.flora_of_china,succulence,0,0,0,0,0,False,False,False,True,[],[],[],[]
cynosurus cristatus|efloras.flora_of_china,cynosurus cristatus,efloras.flora_of_china,leaf arrangement,0,0,0,0,0,False,False,False,True,[],[],[],[]
cynosurus cristatus|efloras.flora_of_china,cynosurus cristatus,efloras.flora_of_china,leaf architecture,0,0,0,0,0,False,False,False,True,[],[],[],[]
cynosurus cristatus|efloras.flora_of_china,cynosurus cristatus,efloras.flora_of_china,leaf position,0,0,0,0,0,False,False,False,True,[],[],[],[]
cynosurus cristatus|efloras.flora_of_china,cynosurus cristatus,efloras.flora_of_china,leaf shape,0,0,0,0,0,False,False,False,True,[],[],[],[]
cynosurus cristatus|efloras.flora_of_china,cynosurus cristatus,efloras.flora_of_china,leaf apex,1,0,0,1,1,True,True,True,True,"[""acute""]","[""acute""]",[],[]
cynosurus cristatus|efloras.flora_of_china,cynosurus cristatus,efloras.flora_of_china,leaf base,0,0,0,0,0,False,False,False,True,[],[],[],[]
cynosurus cristatus|efloras.flora_of_china,cynosurus cristatus,efloras.flora_of_china,leaf margin,0,0,0,0,0,False,False,False,True,[],[],[],[]
cynosurus cristatus|efloras.flora_of_china,cynosurus cristatus,efloras.flora_of_china,leaf min. width [cm],1,0,0,1,1,True,True,True,True,"[""0.1""]","[""0.1""]",[],[]
cynosurus cristatus|efloras.flora_of_china,cynosurus cristatus,efloras.flora_of_china,leaf max. width [cm],1,0,0,1,1,True,True,True,True,"[""0.4""]","[""0.4""]",[],[]
cynosurus cristatus|efloras.flora_of_china,cynosurus cristatus,efloras.flora_of_china,leaf min. length [cm],1,0,0,1,1,True,True,True,True,"[""15.0""]","[""15.0""]",[],[]
cynosurus cristatus|efloras.flora_of_china,cynosurus cristatus,efloras.flora_of_china,leaf max. length [cm],1,0,0,1,1,True,True,True,True,"[""15.0""]","[""15.0""]",[],[]
cynosurus cristatus|efloras.flora_of_china,cynosurus cristatus,efloras.flora_of_china,bract colour,0,0,0,0,0,False,False,False,True,[],[],[],[]
cynosurus cristatus|efloras.flora_of_china,cynosurus cristatus,efloras.flora_of_china,bracteole colour,0,0,0,0,0,False,False,False,True,[],[],[],[]
cynosurus cristatus|efloras.flora_of_china,cynosurus cristatus,efloras.flora_of_china,inflorescence arrangement,0,0,1,1,0,True,False,True,False,"[""spikelet""]",[],[],"[""spikelet""]"
cynosurus cristatus|efloras.flora_of_china,cynosurus cristatus,efloras.flora_of_china,inflorescence orientation,0,0,0,0,0,False,False,False,True,[],[],[],[]
cynosurus cristatus|efloras.flora_of_china,cynosurus cristatus,efloras.flora_of_china,flower sex,0,0,0,0,0,False,False,False,True,[],[],[],[]
cynosurus cristatus|efloras.flora_of_china,cynosurus cristatus,efloras.flora_of_china,flower architecture,0,0,0,0,0,False,False,False,True,[],[],[],[]
cynosurus cristatus|efloras.flora_of_china,cynosurus cristatus,efloras.flora_of_china,flower merosity,0,0,0,0,0,False,False,False,True,[],[],[],[]
cynosurus cristatus|efloras.flora_of_china,cynosurus cristatus,efloras.flora_of_china,flower symmetry,0,0,0,0,0,False,False,False,True,[],[],[],[]
cynosurus cristatus|efloras.flora_of_china,cynosurus cristatus,efloras.flora_of_china,flower shape,0,0,0,0,0,False,False,False,True,[],[],[],[]
cynosurus cristatus|efloras.flora_of_china,cynosurus cristatus,efloras.flora_of_china,flower colour,0,0,0,0,0,False,False,False,True,[],[],[],[]
cynosurus cristatus|efloras.flora_of_china,cynosurus cristatus,efloras.flora_of_china,flower orientation,0,0,0,0,0,False,False,False,True,[],[],[],[]
cynosurus cristatus|efloras.flora_of_china,cynosurus cristatus,efloras.flora_of_china,petal fusion,0,0,0,0,0,False,False,False,True,[],[],[],[]
cynosurus cristatus|efloras.flora_of_china,cynosurus cristatus,efloras.flora_of_china,petal colour,0,0,0,0,0,False,False,False,True,[],[],[],[]
cynosurus cristatus|efloras.flora_of_china,cynosurus cristatus,efloras.flora_of_china,petal min. width [cm],0,0,0,0,0,False,False,False,True,[],[],[],[]
cynosurus cristatus|efloras.flora_of_china,cynosurus cristatus,efloras.flora_of_china,petal max. width [cm],0,0,0,0,0,False,False,False,True,[],[],[],[]
cynosurus cristatus|efloras.flora_of_china,cynosurus cristatus,efloras.flora_of_china,calyx colour,0,0,0,0,0,False,False,False,True,[],[],[],[]
cynosurus cristatus|efloras.flora_of_china,cynosurus cristatus,efloras.flora_of_china,calyx min. length [cm],0,0,0,0,0,False,False,False,True,[],[],[],[]
cynosurus cristatus|efloras.flora_of_china,cynosurus cristatus,efloras.flora_of_china,calyx max. length [cm],0,0,0,0,0,False,False,False,True,[],[],[],[]
cynosurus cristatus|efloras.flora_of_china,cynosurus cristatus,efloras.flora_of_china,corolla colour,0,0,0,0,0,False,False,False,True,[],[],[],[]
cynosurus cristatus|efloras.flora_of_china,cynosurus cristatus,efloras.flora_of_china,corolla tube min. length [cm],0,0,0,0,0,False,False,False,True,[],[],[],[]
cynosurus cristatus|efloras.flora_of_china,cynosurus cristatus,efloras.flora_of_china,corolla tube max. length [cm],0,0,0,0,0,False,False,False,True,[],[],[],[]
cynosurus cristatus|efloras.flora_of_china,cynosurus cristatus,efloras.flora_of_china,corolla tube lipped,0,0,0,0,0,False,False,False,True,[],[],[],[]
cynosurus cristatus|efloras.flora_of_china,cynosurus cristatus,efloras.flora_of_china,labellum colour,0,0,0,0,0,False,False,False,True,[],[],[],[]
cynosurus cristatus|efloras.flora_of_china,cynosurus cristatus,efloras.flora_of_china,labellum min. width [cm],0,0,0,0,0,False,False,False,True,[],[],[],[]
cynosurus cristatus|efloras.flora_of_china,cynosurus cristatus,efloras.flora_of_china,labellum max. width [cm],0,0,0,0,0,False,False,False,True,[],[],[],[]
cynosurus cristatus|efloras.flora_of_china,cynosurus cristatus,efloras.flora_of_china,spur min. length [cm],0,0,0,0,0,False,False,False,True,[],[],[],[]
cynosurus cristatus|efloras.flora_of_china,cynosurus cristatus,efloras.flora_of_china,spur max. length [cm],0,0,0,0,0,False,False,False,True,[],[],[],[]
cynosurus cristatus|efloras.flora_of_china,cynosurus cristatus,efloras.flora_of_china,reproduction architecture,0,0,0,0,0,False,False,False,True,[],[],[],[]
cynosurus cristatus|efloras.flora_of_china,cynosurus cristatus,efloras.flora_of_china,reproduction system,0,0,0,0,0,False,False,False,True,[],[],[],[]
cynosurus cristatus|efloras.flora_of_china,cynosurus cristatus,efloras.flora_of_china,stamen number,0,0,0,0,0,False,False,False,True,[],[],[],[]
cynosurus cristatus|efloras.flora_of_china,cynosurus cristatus,efloras.flora_of_china,stamen arrangement,0,0,0,0,0,False,False,False,True,[],[],[],[]
cynosurus cristatus|efloras.flora_of_china,cynosurus cristatus,efloras.flora_of_china,stamenoid number,0,0,0,0,0,False,False,False,True,[],[],[],[]
cynosurus cristatus|efloras.flora_of_china,cynosurus cristatus,efloras.flora_of_china,stamen min. length [cm],0,0,0,0,0,False,False,False,True,[],[],[],[]
cynosurus cristatus|efloras.flora_of_china,cynosurus cristatus,efloras.flora_of_china,stamen max. length [cm],0,0,0,0,0,False,False,False,True,[],[],[],[]
cynosurus cristatus|efloras.flora_of_china,cynosurus cristatus,efloras.flora_of_china,staminodium,0,0,0,0,0,False,False,False,True,[],[],[],[]
cynosurus cristatus|efloras.flora_of_china,cynosurus cristatus,efloras.flora_of_china,pollen colour,0,0,0,0,0,False,False,False,True,[],[],[],[]
cynosurus cristatus|efloras.flora_of_china,cynosurus cristatus,efloras.flora_of_china,carpel/ovary number,0,0,0,0,0,False,False,False,True,[],[],[],[]
cynosurus cristatus|efloras.flora_of_china,cynosurus cristatus,efloras.flora_of_china,gynoecium arrangement,0,0,0,0,0,False,False,False,True,[],[],[],[]
cynosurus cristatus|efloras.flora_of_china,cynosurus cristatus,efloras.flora_of_china,heterostyly,0,0,0,0,0,False,False,False,True,[],[],[],[]
cynosurus cristatus|efloras.flora_of_china,cynosurus cristatus,efloras.flora_of_china,pollination,0,0,0,0,0,False,False,False,True,[],[],[],[]
cynosurus cristatus|efloras.flora_of_china,cynosurus cristatus,efloras.flora_of_china,reward,0,0,0,0,0,False,False,False,True,[],[],[],[]
cynosurus cristatus|efloras.flora_of_china,cynosurus cristatus,efloras.flora_of_china,fruit type,0,0,1,1,0,True,False,True,False,"[""caryopsis""]",[],[],"[""caryopsis""]"
cynosurus cristatus|efloras.flora_of_china,cynosurus cristatus,efloras.flora_of_china,fruit structure,0,0,0,0,0,False,False,False,True,[],[],[],[]
cynosurus cristatus|efloras.flora_of_china,cynosurus cristatus,efloras.flora_of_china,fruit dehiscence,0,0,0,0,0,False,False,False,True,[],[],[],[]
cynosurus cristatus|efloras.flora_of_china,cynosurus cristatus,efloras.flora_of_china,fruit shape,0,0,0,0,0,False,False,False,True,[],[],[],[]
cynosurus cristatus|efloras.flora_of_china,cynosurus cristatus,efloras.flora_of_china,fruit colour,0,0,0,0,0,False,False,False,True,[],[],[],[]
cynosurus cristatus|efloras.flora_of_china,cynosurus cristatus,efloras.flora_of_china,seed colour,0,0,0,0,0,False,False,False,True,[],[],[],[]
cynosurus cristatus|efloras.flora_of_china,cynosurus cristatus,efloras.flora_of_china,seeds per fruit min,0,0,0,0,0,False,False,False,True,[],[],[],[]
cynosurus cristatus|efloras.flora_of_china,cynosurus cristatus,efloras.flora_of_china,seeds per fruit max,0,0,0,0,0,False,False,False,True,[],[],[],[]
cynosurus cristatus|efloras.flora_of_china,cynosurus cristatus,efloras.flora_of_china,seeds per fruit min.,0,0,0,0,0,False,False,False,True,[],[],[],[]
cynosurus cristatus|efloras.flora_of_china,cynosurus cristatus,efloras.flora_of_china,seed min. width [mm],0,0,0,0,0,False,False,False,True,[],[],[],[]
cynosurus cristatus|efloras.flora_of_china,cynosurus cristatus,efloras.flora_of_china,seed max. width [mm],0,0,0,0,0,False,False,False,True,[],[],[],[]
cynosurus cristatus|efloras.flora_of_china,cynosurus cristatus,efloras.flora_of_china,seed min. length [mm],0,0,0,0,0,False,False,False,True,[],[],[],[]
cynosurus cristatus|efloras.flora_of_china,cynosurus cristatus,efloras.flora_of_china,seed max. length [mm],0,0,0,0,0,False,False,False,True,[],[],[],[]
cynosurus cristatus|efloras.flora_of_china,cynosurus cristatus,efloras.flora_of_china,seed min. diameter [mm],0,0,0,0,0,False,False,False,True,[],[],[],[]
cynosurus cristatus|efloras.flora_of_china,cynosurus cristatus,efloras.flora_of_china,seed max. diameter [mm],0,0,0,0,0,False,False,False,True,[],[],[],[]
cynosurus cristatus|efloras.flora_of_china,cynosurus cristatus,efloras.flora_of_china,dispersal mode,1,0,0,1,1,True,True,True,True,"[""ectozoochory""]","[""ectozoochory""]",[],[]
cynosurus cristatus|efloras.flora_of_china,cynosurus cristatus,efloras.flora_of_china,ploidy level (2n),1,0,0,1,1,True,True,True,True,"[""14""]","[""14""]",[],[]
cynosurus cristatus|efloras.flora_of_china,cynosurus cristatus,efloras.flora_of_china,root min. depth [cm],0,0,0,0,0,False,False,False,True,[],[],[],[]
cynosurus cristatus|efloras.flora_of_china,cynosurus cristatus,efloras.flora_of_china,root max. depth [cm],0,0,0,0,0,False,False,False,True,[],[],[],[]
alopecurus alpinus|ecoflora,alopecurus alpinus,ecoflora,life form,1,0,0,1,1,True,True,True,True,"[""perennial""]","[""perennial""]",[],[]
alopecurus alpinus|ecoflora,alopecurus alpinus,ecoflora,habitat,1,0,0,1,1,True,True,True,True,"[""terrestrial""]","[""terrestrial""]",[],[]
alopecurus alpinus|ecoflora,alopecurus alpinus,ecoflora,habit,3,0,0,3,3,True,True,True,True,"[""erect leafy/tussock"", ""scrambler"", ""tussock""]","[""erect leafy/tussock"", ""scrambler"", ""tussock""]",[],[]
alopecurus alpinus|ecoflora,alopecurus alpinus,ecoflora,clonality,3,0,0,3,3,True,True,True,True,"[""rhizomatous"", ""rhizome"", ""stoloniferous""]","[""rhizomatous"", ""rhizome"", ""stoloniferous""]",[],[]
alopecurus alpinus|ecoflora,alopecurus alpinus,ecoflora,perennial organ,2,0,0,2,2,True,True,True,True,"[""rhizome"", ""stolon""]","[""rhizome"", ""stolon""]",[],[]
alopecurus alpinus|ecoflora,alopecurus alpinus,ecoflora,plant min. height [m],1,0,0,1,1,True,True,True,True,"[""0.1""]","[""0.1""]",[],[]
alopecurus alpinus|ecoflora,alopecurus alpinus,ecoflora,plant max. height [m],1,0,0,1,1,True,True,True,True,"[""0.45""]","[""0.45""]",[],[]
alopecurus alpinus|ecoflora,alopecurus alpinus,ecoflora,indumentum,2,0,0,2,2,True,True,True,True,"[""glabrous"", ""scabrous""]","[""glabrous"", ""scabrous""]",[],[]
alopecurus alpinus|ecoflora,alopecurus alpinus,ecoflora,spinescence,0,0,0,0,0,False,False,False,True,[],[],[],[]
alopecurus alpinus|ecoflora,alopecurus alpinus,ecoflora,succulence,0,0,0,0,0,False,False,False,True,[],[],[],[]
alopecurus alpinus|ecoflora,alopecurus alpinus,ecoflora,leaf arrangement,0,0,0,0,0,False,False,False,True,[],[],[],[]
alopecurus alpinus|ecoflora,alopecurus alpinus,ecoflora,leaf architecture,1,0,0,1,1,True,True,True,True,"[""flat""]","[""flat""]",[],[]
alopecurus alpinus|ecoflora,alopecurus alpinus,ecoflora,leaf position,0,0,0,0,0,False,False,False,True,[],[],[],[]
alopecurus alpinus|ecoflora,alopecurus alpinus,ecoflora,leaf shape,0,0,0,0,0,False,False,False,True,[],[],[],[]
alopecurus alpinus|ecoflora,alopecurus alpinus,ecoflora,leaf apex,1,0,0,1,1,True,True,True,True,"[""acuminate""]","[""acuminate""]",[],[]
alopecurus alpinus|ecoflora,alopecurus alpinus,ecoflora,leaf base,0,0,0,0,0,False,False,False,True,[],[],[],[]
alopecurus alpinus|ecoflora,alopecurus alpinus,ecoflora,leaf margin,0,0,0,0,0,False,False,False,True,[],[],[],[]
alopecurus alpinus|ecoflora,alopecurus alpinus,ecoflora,leaf min. width [cm],1,0,0,1,1,True,True,True,True,"[""0.25""]","[""0.25""]",[],[]
alopecurus alpinus|ecoflora,alopecurus alpinus,ecoflora,leaf max. width [cm],1,0,0,1,1,True,True,True,True,"[""0.6""]","[""0.6""]",[],[]
alopecurus alpinus|ecoflora,alopecurus alpinus,ecoflora,leaf min. length [cm],1,0,0,1,1,True,True,True,True,"[""22.0""]","[""22.0""]",[],[]
alopecurus alpinus|ecoflora,alopecurus alpinus,ecoflora,leaf max. length [cm],1,0,0,1,1,True,True,True,True,"[""22.0""]","[""22.0""]",[],[]
alopecurus alpinus|ecoflora,alopecurus alpinus,ecoflora,bract colour,0,0,0,0,0,False,False,False,True,[],[],[],[]
alopecurus alpinus|ecoflora,alopecurus alpinus,ecoflora,bracteole colour,0,0,0,0,0,False,False,False,True,[],[],[],[]
alopecurus alpinus|ecoflora,alopecurus alpinus,ecoflora,inflorescence arrangement,0,0,2,2,0,True,False,True,False,"[""panicle"", ""spikelet""]",[],[],"[""panicle"", ""spikelet""]"
alopecurus alpinus|ecoflora,alopecurus alpinus,ecoflora,inflorescence orientation,0,0,0,0,0,False,False,False,True,[],[],[],[]
alopecurus alpinus|ecoflora,alopecurus alpinus,ecoflora,flower sex,0,0,0,0,0,False,False,False,True,[],[],[],[]
alopecurus alpinus|ecoflora,alopecurus alpinus,ecoflora,flower architecture,0,0,0,0,0,False,False,False,True,[],[],[],[]
alopecurus alpinus|ecoflora,alopecurus alpinus,ecoflora,flower merosity,0,0,0,0,0,False,False,False,True,[],[],[],[]
alopecurus alpinus|ecoflora,alopecurus alpinus,ecoflora,flower symmetry,0,0,0,0,0,False,False,False,True,[],[],[],[]
alopecurus alpinus|ecoflora,alopecurus alpinus,ecoflora,flower shape,0,0,0,0,0,False,False,False,True,[],[],[],[]
alopecurus alpinus|ecoflora,alopecurus alpinus,ecoflora,flower colour,0,0,0,0,0,False,False,False,True,[],[],[],[]
alopecurus alpinus|ecoflora,alopecurus alpinus,ecoflora,flower orientation,0,0,0,0,0,False,False,False,True,[],[],[],[]
alopecurus alpinus|ecoflora,alopecurus alpinus,ecoflora,petal fusion,0,0,0,0,0,False,False,False,True,[],[],[],[]
alopecurus alpinus|ecoflora,alopecurus alpinus,ecoflora,petal colour,0,0,0,0,0,False,False,False,True,[],[],[],[]
alopecurus alpinus|ecoflora,alopecurus alpinus,ecoflora,petal min. width [cm],0,0,0,0,0,False,False,False,True,[],[],[],[]
alopecurus alpinus|ecoflora,alopecurus alpinus,ecoflora,petal max. width [cm],0,0,0,0,0,False,False,False,True,[],[],[],[]
alopecurus alpinus|ecoflora,alopecurus alpinus,ecoflora,calyx colour,0,0,0,0,0,False,False,False,True,[],[],[],[]
alopecurus alpinus|ecoflora,alopecurus alpinus,ecoflora,calyx min. length [cm],0,0,0,0,0,False,False,False,True,[],[],[],[]
alopecurus alpinus|ecoflora,alopecurus alpinus,ecoflora,calyx max. length [cm],0,0,0,0,0,False,False,False,True,[],[],[],[]
alopecurus alpinus|ecoflora,alopecurus alpinus,ecoflora,corolla colour,0,0,0,0,0,False,False,False,True,[],[],[],[]
alopecurus alpinus|ecoflora,alopecurus alpinus,ecoflora,corolla tube min. length [cm],0,0,0,0,0,False,False,False,True,[],[],[],[]
alopecurus alpinus|ecoflora,alopecurus alpinus,ecoflora,corolla tube max. length [cm],0,0,0,0,0,False,False,False,True,[],[],[],[]
alopecurus alpinus|ecoflora,alopecurus alpinus,ecoflora,corolla tube lipped,0,0,0,0,0,False,False,False,True,[],[],[],[]
alopecurus alpinus|ecoflora,alopecurus alpinus,ecoflora,labellum colour,0,0,0,0,0,False,False,False,True,[],[],[],[]
alopecurus alpinus|ecoflora,alopecurus alpinus,ecoflora,labellum min. width [cm],0,0,0,0,0,False,False,False,True,[],[],[],[]
alopecurus alpinus|ecoflora,alopecurus alpinus,ecoflora,labellum max. width [cm],0,0,0,0,0,False,False,False,True,[],[],[],[]
alopecurus alpinus|ecoflora,alopecurus alpinus,ecoflora,spur min. length [cm],0,0,0,0,0,False,False,False,True,[],[],[],[]
alopecurus alpinus|ecoflora,alopecurus alpinus,ecoflora,spur max. length [cm],0,0,0,0,0,False,False,False,True,[],[],[],[]
alopecurus alpinus|ecoflora,alopecurus alpinus,ecoflora,reproduction architecture,0,1,0,0,1,False,True,True,False,[],"[""monadelphous""]","[""monadelphous""]",[]
alopecurus alpinus|ecoflora,alopecurus alpinus,ecoflora,reproduction system,0,0,0,0,0,False,False,False,True,[],[],[],[]
alopecurus alpinus|ecoflora,alopecurus alpinus,ecoflora,stamen number,0,0,0,0,0,False,False,False,True,[],[],[],[]
alopecurus alpinus|ecoflora,alopecurus alpinus,ecoflora,stamen arrangement,0,0,0,0,0,False,False,False,True,[],[],[],[]
alopecurus alpinus|ecoflora,alopecurus alpinus,ecoflora,stamenoid number,0,0,0,0,0,False,False,False,True,[],[],[],[]
alopecurus alpinus|ecoflora,alopecurus alpinus,ecoflora,stamen min. length [cm],0,0,0,0,0,False,False,False,True,[],[],[],[]
alopecurus alpinus|ecoflora,alopecurus alpinus,ecoflora,stamen max. length [cm],0,0,0,0,0,False,False,False,True,[],[],[],[]
alopecurus alpinus|ecoflora,alopecurus alpinus,ecoflora,staminodium,0,0,0,0,0,False,False,False,True,[],[],[],[]
alopecurus alpinus|ecoflora,alopecurus alpinus,ecoflora,pollen colour,0,0,0,0,0,False,False,False,True,[],[],[],[]
alopecurus alpinus|ecoflora,alopecurus alpinus,ecoflora,carpel/ovary number,0,0,0,0,0,False,False,False,True,[],[],[],[]
alopecurus alpinus|ecoflora,alopecurus alpinus,ecoflora,gynoecium arrangement,0,0,0,0,0,False,False,False,True,[],[],[],[]
alopecurus alpinus|ecoflora,alopecurus alpinus,ecoflora,heterostyly,0,0,0,0,0,False,False,False,True,[],[],[],[]
alopecurus alpinus|ecoflora,alopecurus alpinus,ecoflora,pollination,0,0,0,0,0,False,False,False,True,[],[],[],[]
alopecurus alpinus|ecoflora,alopecurus alpinus,ecoflora,reward,0,0,0,0,0,False,False,False,True,[],[],[],[]
alopecurus alpinus|ecoflora,alopecurus alpinus,ecoflora,fruit type,0,0,0,0,0,False,False,False,True,[],[],[],[]
alopecurus alpinus|ecoflora,alopecurus alpinus,ecoflora,fruit structure,0,0,0,0,0,False,False,False,True,[],[],[],[]
alopecurus alpinus|ecoflora,alopecurus alpinus,ecoflora,fruit dehiscence,0,0,0,0,0,False,False,False,True,[],[],[],[]
alopecurus alpinus|ecoflora,alopecurus alpinus,ecoflora,fruit shape,0,0,0,0,0,False,False,False,True,[],[],[],[]
alopecurus alpinus|ecoflora,alopecurus alpinus,ecoflora,fruit colour,0,0,0,0,0,False,False,False,True,[],[],[],[]
alopecurus alpinus|ecoflora,alopecurus alpinus,ecoflora,seed colour,0,0,0,0,0,False,False,False,True,[],[],[],[]
alopecurus alpinus|ecoflora,alopecurus alpinus,ecoflora,seeds per fruit min,0,0,0,0,0,False,False,False,True,[],[],[],[]
alopecurus alpinus|ecoflora,alopecurus alpinus,ecoflora,seeds per fruit max,0,0,0,0,0,False,False,False,True,[],[],[],[]
alopecurus alpinus|ecoflora,alopecurus alpinus,ecoflora,seeds per fruit min.,0,0,0,0,0,False,False,False,True,[],[],[],[]
alopecurus alpinus|ecoflora,alopecurus alpinus,ecoflora,seed min. width [mm],0,0,0,0,0,False,False,False,True,[],[],[],[]
alopecurus alpinus|ecoflora,alopecurus alpinus,ecoflora,seed max. width [mm],0,0,0,0,0,False,False,False,True,[],[],[],[]
alopecurus alpinus|ecoflora,alopecurus alpinus,ecoflora,seed min. length [mm],0,0,0,0,0,False,False,False,True,[],[],[],[]
alopecurus alpinus|ecoflora,alopecurus alpinus,ecoflora,seed max. length [mm],0,0,0,0,0,False,False,False,True,[],[],[],[]
alopecurus alpinus|ecoflora,alopecurus alpinus,ecoflora,seed min. diameter [mm],0,0,0,0,0,False,False,False,True,[],[],[],[]
alopecurus alpinus|ecoflora,alopecurus alpinus,ecoflora,seed max. diameter [mm],0,0,0,0,0,False,False,False,True,[],[],[],[]
alopecurus alpinus|ecoflora,alopecurus alpinus,ecoflora,dispersal mode,1,0,0,1,1,True,True,True,True,"[""ectozoochory""]","[""ectozoochory""]",[],[]
alopecurus alpinus|ecoflora,alopecurus alpinus,ecoflora,ploidy level (2n),0,0,0,0,0,False,False,False,True,[],[],[],[]
alopecurus alpinus|ecoflora,alopecurus alpinus,ecoflora,root min. depth [cm],0,0,0,0,0,False,False,False,True,[],[],[],[]
alopecurus alpinus|ecoflora,alopecurus alpinus,ecoflora,root max. depth [cm],0,0,0,0,0,False,False,False,True,[],[],[],[]
ammophila arenaria|ecoflora,ammophila arenaria,ecoflora,life form,1,0,0,1,1,True,True,True,True,"[""perennial""]","[""perennial""]",[],[]
ammophila arenaria|ecoflora,ammophila arenaria,ecoflora,habitat,1,0,0,1,1,True,True,True,True,"[""terrestrial""]","[""terrestrial""]",[],[]
ammophila arenaria|ecoflora,ammophila arenaria,ecoflora,habit,2,0,0,2,2,True,True,True,True,"[""erect leafy/tussock"", ""scrambler""]","[""erect leafy/tussock"", ""scrambler""]",[],[]
ammophila arenaria|ecoflora,ammophila arenaria,ecoflora,clonality,2,0,0,2,2,True,True,True,True,"[""rhizome"", ""stoloniferous""]","[""rhizome"", ""stoloniferous""]",[],[]
ammophila arenaria|ecoflora,ammophila arenaria,ecoflora,perennial organ,2,0,0,2,2,True,True,True,True,"[""rhizome"", ""stolon""]","[""rhizome"", ""stolon""]",[],[]
ammophila arenaria|ecoflora,ammophila arenaria,ecoflora,plant min. height [m],1,0,0,1,1,True,True,True,True,"[""0.5""]","[""0.5""]",[],[]
ammophila arenaria|ecoflora,ammophila arenaria,ecoflora,plant max. height [m],1,0,0,1,1,True,True,True,True,"[""1.2""]","[""1.2""]",[],[]
ammophila arenaria|ecoflora,ammophila arenaria,ecoflora,indumentum,1,0,0,1,1,True,True,True,True,"[""pubescent""]","[""pubescent""]",[],[]
ammophila arenaria|ecoflora,ammophila arenaria,ecoflora,spinescence,0,0,0,0,0,False,False,False,True,[],[],[],[]
ammophila arenaria|ecoflora,ammophila arenaria,ecoflora,succulence,0,0,0,0,0,False,False,False,True,[],[],[],[]
ammophila arenaria|ecoflora,ammophila arenaria,ecoflora,leaf arrangement,0,0,0,0,0,False,False,False,True,[],[],[],[]
ammophila arenaria|ecoflora,ammophila arenaria,ecoflora,leaf architecture,1,0,0,1,1,True,True,True,True,"[""convolute""]","[""convolute""]",[],[]
ammophila arenaria|ecoflora,ammophila arenaria,ecoflora,leaf position,0,0,0,0,0,False,False,False,True,[],[],[],[]
ammophila arenaria|ecoflora,ammophila arenaria,ecoflora,leaf shape,0,0,0,0,0,False,False,False,True,[],[],[],[]
ammophila arenaria|ecoflora,ammophila arenaria,ecoflora,leaf apex,0,0,0,0,0,False,False,False,True,[],[],[],[]
ammophila arenaria|ecoflora,ammophila arenaria,ecoflora,leaf base,0,0,0,0,0,False,False,False,True,[],[],[],[]
ammophila arenaria|ecoflora,ammophila arenaria,ecoflora,leaf margin,0,0,0,0,0,False,False,False,True,[],[],[],[]
ammophila arenaria|ecoflora,ammophila arenaria,ecoflora,leaf min. width [cm],1,0,0,1,1,True,True,True,True,"[""0.6""]","[""0.6""]",[],[]
ammophila arenaria|ecoflora,ammophila arenaria,ecoflora,leaf max. width [cm],1,0,0,1,1,True,True,True,True,"[""0.6""]","[""0.6""]",[],[]
ammophila arenaria|ecoflora,ammophila arenaria,ecoflora,leaf min. length [cm],1,0,0,1,1,True,True,True,True,"[""90.0""]","[""90.0""]",[],[]
ammophila arenaria|ecoflora,ammophila arenaria,ecoflora,leaf max. length [cm],1,0,0,1,1,True,True,True,True,"[""90.0""]","[""90.0""]",[],[]
ammophila arenaria|ecoflora,ammophila arenaria,ecoflora,bract colour,0,0,0,0,0,False,False,False,True,[],[],[],[]
ammophila arenaria|ecoflora,ammophila arenaria,ecoflora,bracteole colour,0,0,0,0,0,False,False,False,True,[],[],[],[]
ammophila arenaria|ecoflora,ammophila arenaria,ecoflora,inflorescence arrangement,0,0,3,3,0,True,False,True,False,"[""panicle"", ""spike"", ""spikelet""]",[],[],"[""panicle"", ""spike"", ""spikelet""]"
ammophila arenaria|ecoflora,ammophila arenaria,ecoflora,inflorescence orientation,0,0,0,0,0,False,False,False,True,[],[],[],[]
ammophila arenaria|ecoflora,ammophila arenaria,ecoflora,flower sex,0,0,0,0,0,False,False,False,True,[],[],[],[]
ammophila arenaria|ecoflora,ammophila arenaria,ecoflora,flower architecture,0,0,0,0,0,False,False,False,True,[],[],[],[]
ammophila arenaria|ecoflora,ammophila arenaria,ecoflora,flower merosity,0,0,0,0,0,False,False,False,True,[],[],[],[]
ammophila arenaria|ecoflora,ammophila arenaria,ecoflora,flower symmetry,0,0,0,0,0,False,False,False,True,[],[],[],[]
ammophila arenaria|ecoflora,ammophila arenaria,ecoflora,flower shape,0,0,0,0,0,False,False,False,True,[],[],[],[]
ammophila arenaria|ecoflora,ammophila arenaria,ecoflora,flower colour,0,0,0,0,0,False,False,False,True,[],[],[],[]
ammophila arenaria|ecoflora,ammophila arenaria,ecoflora,flower orientation,0,0,0,0,0,False,False,False,True,[],[],[],[]
ammophila arenaria|ecoflora,ammophila arenaria,ecoflora,petal fusion,0,0,0,0,0,False,False,False,True,[],[],[],[]
ammophila arenaria|ecoflora,ammophila arenaria,ecoflora,petal colour,0,0,0,0,0,False,False,False,True,[],[],[],[]
ammophila arenaria|ecoflora,ammophila arenaria,ecoflora,petal min. width [cm],0,0,0,0,0,False,False,False,True,[],[],[],[]
ammophila arenaria|ecoflora,ammophila arenaria,ecoflora,petal max. width [cm],0,0,0,0,0,False,False,False,True,[],[],[],[]
ammophila arenaria|ecoflora,ammophila arenaria,ecoflora,calyx colour,0,0,0,0,0,False,False,False,True,[],[],[],[]
ammophila arenaria|ecoflora,ammophila arenaria,ecoflora,calyx min. length [cm],0,0,0,0,0,False,False,False,True,[],[],[],[]
ammophila arenaria|ecoflora,ammophila arenaria,ecoflora,calyx max. length [cm],0,0,0,0,0,False,False,False,True,[],[],[],[]
ammophila arenaria|ecoflora,ammophila arenaria,ecoflora,corolla colour,0,0,0,0,0,False,False,False,True,[],[],[],[]
ammophila arenaria|ecoflora,ammophila arenaria,ecoflora,corolla tube min. length [cm],0,0,0,0,0,False,False,False,True,[],[],[],[]
ammophila arenaria|ecoflora,ammophila arenaria,ecoflora,corolla tube max. length [cm],0,0,0,0,0,False,False,False,True,[],[],[],[]
ammophila arenaria|ecoflora,ammophila arenaria,ecoflora,corolla tube lipped,0,0,0,0,0,False,False,False,True,[],[],[],[]
ammophila arenaria|ecoflora,ammophila arenaria,ecoflora,labellum colour,0,0,0,0,0,False,False,False,True,[],[],[],[]
ammophila arenaria|ecoflora,ammophila arenaria,ecoflora,labellum min. width [cm],0,0,0,0,0,False,False,False,True,[],[],[],[]
ammophila arenaria|ecoflora,ammophila arenaria,ecoflora,labellum max. width [cm],0,0,0,0,0,False,False,False,True,[],[],[],[]
ammophila arenaria|ecoflora,ammophila arenaria,ecoflora,spur min. length [cm],0,0,0,0,0,False,False,False,True,[],[],[],[]
ammophila arenaria|ecoflora,ammophila arenaria,ecoflora,spur max. length [cm],0,0,0,0,0,False,False,False,True,[],[],[],[]
ammophila arenaria|ecoflora,ammophila arenaria,ecoflora,reproduction architecture,0,0,0,0,0,False,False,False,True,[],[],[],[]
ammophila arenaria|ecoflora,ammophila arenaria,ecoflora,reproduction system,0,0,0,0,0,False,False,False,True,[],[],[],[]
ammophila arenaria|ecoflora,ammophila arenaria,ecoflora,stamen number,0,0,0,0,0,False,False,False,True,[],[],[],[]
ammophila arenaria|ecoflora,ammophila arenaria,ecoflora,stamen arrangement,0,0,0,0,0,False,False,False,True,[],[],[],[]
ammophila arenaria|ecoflora,ammophila arenaria,ecoflora,stamenoid number,0,0,0,0,0,False,False,False,True,[],[],[],[]
ammophila arenaria|ecoflora,ammophila arenaria,ecoflora,stamen min. length [cm],0,0,0,0,0,False,False,False,True,[],[],[],[]
ammophila arenaria|ecoflora,ammophila arenaria,ecoflora,stamen max. length [cm],0,0,0,0,0,False,False,False,True,[],[],[],[]
ammophila arenaria|ecoflora,ammophila arenaria,ecoflora,staminodium,0,0,0,0,0,False,False,False,True,[],[],[],[]
ammophila arenaria|ecoflora,ammophila arenaria,ecoflora,pollen colour,0,0,0,0,0,False,False,False,True,[],[],[],[]
ammophila arenaria|ecoflora,ammophila arenaria,ecoflora,carpel/ovary number,0,0,0,0,0,False,False,False,True,[],[],[],[]
ammophila arenaria|ecoflora,ammophila arenaria,ecoflora,gynoecium arrangement,0,0,0,0,0,False,False,False,True,[],[],[],[]
ammophila arenaria|ecoflora,ammophila arenaria,ecoflora,heterostyly,0,0,0,0,0,False,False,False,True,[],[],[],[]
ammophila arenaria|ecoflora,ammophila arenaria,ecoflora,pollination,0,0,0,0,0,False,False,False,True,[],[],[],[]
ammophila arenaria|ecoflora,ammophila arenaria,ecoflora,reward,0,0,0,0,0,False,False,False,True,[],[],[],[]
ammophila arenaria|ecoflora,ammophila arenaria,ecoflora,fruit type,0,0,0,0,0,False,False,False,True,[],[],[],[]
ammophila arenaria|ecoflora,ammophila arenaria,ecoflora,fruit structure,0,0,0,0,0,False,False,False,True,[],[],[],[]
ammophila arenaria|ecoflora,ammophila arenaria,ecoflora,fruit dehiscence,0,0,0,0,0,False,False,False,True,[],[],[],[]
ammophila arenaria|ecoflora,ammophila arenaria,ecoflora,fruit shape,0,0,0,0,0,False,False,False,True,[],[],[],[]
ammophila arenaria|ecoflora,ammophila arenaria,ecoflora,fruit colour,0,0,0,0,0,False,False,False,True,[],[],[],[]
ammophila arenaria|ecoflora,ammophila arenaria,ecoflora,seed colour,0,0,0,0,0,False,False,False,True,[],[],[],[]
ammophila arenaria|ecoflora,ammophila arenaria,ecoflora,seeds per fruit min,0,0,0,0,0,False,False,False,True,[],[],[],[]
ammophila arenaria|ecoflora,ammophila arenaria,ecoflora,seeds per fruit max,0,0,0,0,0,False,False,False,True,[],[],[],[]
ammophila arenaria|ecoflora,ammophila arenaria,ecoflora,seeds per fruit min.,0,0,0,0,0,False,False,False,True,[],[],[],[]
ammophila arenaria|ecoflora,ammophila arenaria,ecoflora,seed min. width [mm],0,0,0,0,0,False,False,False,True,[],[],[],[]
ammophila arenaria|ecoflora,ammophila arenaria,ecoflora,seed max. width [mm],0,0,0,0,0,False,False,False,True,[],[],[],[]
ammophila arenaria|ecoflora,ammophila arenaria,ecoflora,seed min. length [mm],0,0,0,0,0,False,False,False,True,[],[],[],[]
ammophila arenaria|ecoflora,ammophila arenaria,ecoflora,seed max. length [mm],0,0,0,0,0,False,False,False,True,[],[],[],[]
ammophila arenaria|ecoflora,ammophila arenaria,ecoflora,seed min. diameter [mm],0,0,0,0,0,False,False,False,True,[],[],[],[]
ammophila arenaria|ecoflora,ammophila arenaria,ecoflora,seed max. diameter [mm],0,0,0,0,0,False,False,False,True,[],[],[],[]
ammophila arenaria|ecoflora,ammophila arenaria,ecoflora,dispersal mode,1,0,0,1,1,True,True,True,True,"[""ectozoochory""]","[""ectozoochory""]",[],[]
ammophila arenaria|ecoflora,ammophila arenaria,ecoflora,ploidy level (2n),0,0,0,0,0,False,False,False,True,[],[],[],[]
ammophila arenaria|ecoflora,ammophila arenaria,ecoflora,root min. depth [cm],0,0,0,0,0,False,False,False,True,[],[],[],[]
ammophila arenaria|ecoflora,ammophila arenaria,ecoflora,root max. depth [cm],0,0,0,0,0,False,False,False,True,[],[],[],[]
bartsia alpina|ecoflora,bartsia alpina,ecoflora,life form,1,0,0,1,1,True,True,True,True,"[""perennial""]","[""perennial""]",[],[]
bartsia alpina|ecoflora,bartsia alpina,ecoflora,habitat,1,0,0,1,1,True,True,True,True,"[""terrestrial""]","[""terrestrial""]",[],[]
bartsia alpina|ecoflora,bartsia alpina,ecoflora,habit,1,0,0,1,1,True,True,True,True,"[""erect leafy""]","[""erect leafy""]",[],[]
bartsia alpina|ecoflora,bartsia alpina,ecoflora,clonality,1,0,0,1,1,True,True,True,True,"[""solitary plant""]","[""solitary plant""]",[],[]
bartsia alpina|ecoflora,bartsia alpina,ecoflora,perennial organ,1,0,0,1,1,True,True,True,True,"[""stem""]","[""stem""]",[],[]
bartsia alpina|ecoflora,bartsia alpina,ecoflora,plant min. height [m],1,0,0,1,1,True,True,True,True,"[""0.1""]","[""0.1""]",[],[]
bartsia alpina|ecoflora,bartsia alpina,ecoflora,plant max. height [m],1,0,0,1,1,True,True,True,True,"[""0.25""]","[""0.25""]",[],[]
bartsia alpina|ecoflora,bartsia alpina,ecoflora,indumentum,2,0,0,2,2,True,True,True,True,"[""glandular"", ""pubescent""]","[""glandular"", ""pubescent""]",[],[]
bartsia alpina|ecoflora,bartsia alpina,ecoflora,spinescence,0,0,0,0,0,False,False,False,True,[],[],[],[]
bartsia alpina|ecoflora,bartsia alpina,ecoflora,succulence,0,0,0,0,0,False,False,False,True,[],[],[],[]
bartsia alpina|ecoflora,bartsia alpina,ecoflora,leaf arrangement,0,0,0,0,0,False,False,False,True,[],[],[],[]
bartsia alpina|ecoflora,bartsia alpina,ecoflora,leaf architecture,0,0,0,0,0,False,False,False,True,[],[],[],[]
bartsia alpina|ecoflora,bartsia alpina,ecoflora,leaf position,1,0,0,1,1,True,True,True,True,"[""opposite""]","[""opposite""]",[],[]
bartsia alpina|ecoflora,bartsia alpina,ecoflora,leaf shape,1,0,0,1,1,True,True,True,True,"[""ovate""]","[""ovate""]",[],[]
bartsia alpina|ecoflora,bartsia alpina,ecoflora,leaf apex,1,0,0,1,1,True,True,True,True,"[""obtuse""]","[""obtuse""]",[],[]
bartsia alpina|ecoflora,bartsia alpina,ecoflora,leaf base,0,0,0,0,0,False,False,False,True,[],[],[],[]
bartsia alpina|ecoflora,bartsia alpina,ecoflora,leaf margin,2,0,0,2,2,True,True,True,True,"[""crenate"", ""serrate""]","[""crenate"", ""serrate""]",[],[]
bartsia alpina|ecoflora,bartsia alpina,ecoflora,leaf min. width [cm],0,0,1,1,0,True,False,True,False,"[""1.0""]",[],[],"[""1.0""]"
bartsia alpina|ecoflora,bartsia alpina,ecoflora,leaf max. width [cm],0,0,1,1,0,True,False,True,False,"[""2.0""]",[],[],"[""2.0""]"
bartsia alpina|ecoflora,bartsia alpina,ecoflora,leaf min. length [cm],0,1,0,0,1,False,True,True,False,[],"[""1.0""]","[""1.0""]",[]
bartsia alpina|ecoflora,bartsia alpina,ecoflora,leaf max. length [cm],0,1,0,0,1,False,True,True,False,[],"[""2.0""]","[""2.0""]",[]
bartsia alpina|ecoflora,bartsia alpina,ecoflora,bract colour,1,0,0,1,1,True,True,True,True,"[""purple""]","[""purple""]",[],[]
bartsia alpina|ecoflora,bartsia alpina,ecoflora,bracteole colour,0,0,0,0,0,False,False,False,True,[],[],[],[]
bartsia alpina|ecoflora,bartsia alpina,ecoflora,inflorescence arrangement,0,0,2,2,0,True,False,True,False,"[""raceme"", ""spike""]",[],[],"[""raceme"", ""spike""]"
bartsia alpina|ecoflora,bartsia alpina,ecoflora,inflorescence orientation,0,0,0,0,0,False,False,False,True,[],[],[],[]
bartsia alpina|ecoflora,bartsia alpina,ecoflora,flower sex,0,0,0,0,0,False,False,False,True,[],[],[],[]
bartsia alpina|ecoflora,bartsia alpina,ecoflora,flower architecture,0,0,0,0,0,False,False,False,True,[],[],[],[]
bartsia alpina|ecoflora,bartsia alpina,ecoflora,flower merosity,0,0,0,0,0,False,False,False,True,[],[],[],[]
bartsia alpina|ecoflora,bartsia alpina,ecoflora,flower symmetry,0,0,0,0,0,False,False,False,True,[],[],[],[]
bartsia alpina|ecoflora,bartsia alpina,ecoflora,flower shape,0,0,0,0,0,False,False,False,True,[],[],[],[]
bartsia alpina|ecoflora,bartsia alpina,ecoflora,flower colour,0,0,0,0,0,False,False,False,True,[],[],[],[]
bartsia alpina|ecoflora,bartsia alpina,ecoflora,flower orientation,0,0,0,0,0,False,False,False,True,[],[],[],[]
bartsia alpina|ecoflora,bartsia alpina,ecoflora,petal fusion,0,0,0,0,0,False,False,False,True,[],[],[],[]
bartsia alpina|ecoflora,bartsia alpina,ecoflora,petal colour,0,0,0,0,0,False,False,False,True,[],[],[],[]
bartsia alpina|ecoflora,bartsia alpina,ecoflora,petal min. width [cm],0,0,0,0,0,False,False,False,True,[],[],[],[]
bartsia alpina|ecoflora,bartsia alpina,ecoflora,petal max. width [cm],0,0,0,0,0,False,False,False,True,[],[],[],[]
bartsia alpina|ecoflora,bartsia alpina,ecoflora,calyx colour,0,0,0,0,0,False,False,False,True,[],[],[],[]
bartsia alpina|ecoflora,bartsia alpina,ecoflora,calyx min. length [cm],0,0,0,0,0,False,False,False,True,[],[],[],[]
bartsia alpina|ecoflora,bartsia alpina,ecoflora,calyx max. length [cm],0,0,0,0,0,False,False,False,True,[],[],[],[]
bartsia alpina|ecoflora,bartsia alpina,ecoflora,corolla colour,1,0,0,1,1,True,True,True,True,"[""purple""]","[""purple""]",[],[]
bartsia alpina|ecoflora,bartsia alpina,ecoflora,corolla tube min. length [cm],1,0,0,1,1,True,True,True,True,"[""1.5""]","[""1.5""]",[],[]
bartsia alpina|ecoflora,bartsia alpina,ecoflora,corolla tube max. length [cm],1,0,0,1,1,True,True,True,True,"[""2.0""]","[""2.0""]",[],[]
bartsia alpina|ecoflora,bartsia alpina,ecoflora,corolla tube lipped,0,0,0,0,0,False,False,False,True,[],[],[],[]
bartsia alpina|ecoflora,bartsia alpina,ecoflora,labellum colour,0,0,0,0,0,False,False,False,True,[],[],[],[]
bartsia alpina|ecoflora,bartsia alpina,ecoflora,labellum min. width [cm],0,0,0,0,0,False,False,False,True,[],[],[],[]
bartsia alpina|ecoflora,bartsia alpina,ecoflora,labellum max. width [cm],0,0,0,0,0,False,False,False,True,[],[],[],[]
bartsia alpina|ecoflora,bartsia alpina,ecoflora,spur min. length [cm],0,0,0,0,0,False,False,False,True,[],[],[],[]
bartsia alpina|ecoflora,bartsia alpina,ecoflora,spur max. length [cm],0,0,0,0,0,False,False,False,True,[],[],[],[]
bartsia alpina|ecoflora,bartsia alpina,ecoflora,reproduction architecture,0,0,0,0,0,False,False,False,True,[],[],[],[]
bartsia alpina|ecoflora,bartsia alpina,ecoflora,reproduction system,0,0,0,0,0,False,False,False,True,[],[],[],[]
bartsia alpina|ecoflora,bartsia alpina,ecoflora,stamen number,1,0,0,1,1,True,True,True,True,"[""4.0""]","[""4.0""]",[],[]
bartsia alpina|ecoflora,bartsia alpina,ecoflora,stamen arrangement,0,0,0,0,0,False,False,False,True,[],[],[],[]
bartsia alpina|ecoflora,bartsia alpina,ecoflora,stamenoid number,0,0,0,0,0,False,False,False,True,[],[],[],[]
bartsia alpina|ecoflora,bartsia alpina,ecoflora,stamen min. length [cm],0,0,0,0,0,False,False,False,True,[],[],[],[]
bartsia alpina|ecoflora,bartsia alpina,ecoflora,stamen max. length [cm],0,0,0,0,0,False,False,False,True,[],[],[],[]
bartsia alpina|ecoflora,bartsia alpina,ecoflora,staminodium,0,0,0,0,0,False,False,False,True,[],[],[],[]
bartsia alpina|ecoflora,bartsia alpina,ecoflora,pollen colour,0,0,0,0,0,False,False,False,True,[],[],[],[]
bartsia alpina|ecoflora,bartsia alpina,ecoflora,carpel/ovary number,0,0,0,0,0,False,False,False,True,[],[],[],[]
bartsia alpina|ecoflora,bartsia alpina,ecoflora,gynoecium arrangement,0,0,0,0,0,False,False,False,True,[],[],[],[]
bartsia alpina|ecoflora,bartsia alpina,ecoflora,heterostyly,0,0,0,0,0,False,False,False,True,[],[],[],[]
bartsia alpina|ecoflora,bartsia alpina,ecoflora,pollination,0,0,0,0,0,False,False,False,True,[],[],[],[]
bartsia alpina|ecoflora,bartsia alpina,ecoflora,reward,0,0,0,0,0,False,False,False,True,[],[],[],[]
bartsia alpina|ecoflora,bartsia alpina,ecoflora,fruit type,1,0,0,1,1,True,True,True,True,"[""capsule""]","[""capsule""]",[],[]
bartsia alpina|ecoflora,bartsia alpina,ecoflora,fruit structure,1,0,0,1,1,True,True,True,True,"[""dry""]","[""dry""]",[],[]
bartsia alpina|ecoflora,bartsia alpina,ecoflora,fruit dehiscence,1,0,0,1,1,True,True,True,True,"[""dehiscent""]","[""dehiscent""]",[],[]
bartsia alpina|ecoflora,bartsia alpina,ecoflora,fruit shape,0,0,0,0,0,False,False,False,True,[],[],[],[]
bartsia alpina|ecoflora,bartsia alpina,ecoflora,fruit colour,0,0,0,0,0,False,False,False,True,[],[],[],[]
bartsia alpina|ecoflora,bartsia alpina,ecoflora,seed colour,0,0,0,0,0,False,False,False,True,[],[],[],[]
bartsia alpina|ecoflora,bartsia alpina,ecoflora,seeds per fruit min,0,0,0,0,0,False,False,False,True,[],[],[],[]
bartsia alpina|ecoflora,bartsia alpina,ecoflora,seeds per fruit max,0,0,0,0,0,False,False,False,True,[],[],[],[]
bartsia alpina|ecoflora,bartsia alpina,ecoflora,seeds per fruit min.,0,0,0,0,0,False,False,False,True,[],[],[],[]
bartsia alpina|ecoflora,bartsia alpina,ecoflora,seed min. width [mm],0,0,0,0,0,False,False,False,True,[],[],[],[]
bartsia alpina|ecoflora,bartsia alpina,ecoflora,seed max. width [mm],0,0,0,0,0,False,False,False,True,[],[],[],[]
bartsia alpina|ecoflora,bartsia alpina,ecoflora,seed min. length [mm],0,0,0,0,0,False,False,False,True,[],[],[],[]
bartsia alpina|ecoflora,bartsia alpina,ecoflora,seed max. length [mm],0,0,0,0,0,False,False,False,True,[],[],[],[]
bartsia alpina|ecoflora,bartsia alpina,ecoflora,seed min. diameter [mm],0,0,0,0,0,False,False,False,True,[],[],[],[]
bartsia alpina|ecoflora,bartsia alpina,ecoflora,seed max. diameter [mm],0,0,0,0,0,False,False,False,True,[],[],[],[]
bartsia alpina|ecoflora,bartsia alpina,ecoflora,dispersal mode,0,0,0,0,0,False,False,False,True,[],[],[],[]
bartsia alpina|ecoflora,bartsia alpina,ecoflora,ploidy level (2n),0,0,0,0,0,False,False,False,True,[],[],[],[]
bartsia alpina|ecoflora,bartsia alpina,ecoflora,root min. depth [cm],0,0,0,0,0,False,False,False,True,[],[],[],[]
bartsia alpina|ecoflora,bartsia alpina,ecoflora,root max. depth [cm],0,0,0,0,0,False,False,False,True,[],[],[],[]
bellis perennis|efloras.flora_of_north_america,bellis perennis,efloras.flora_of_north_america,life form,1,0,0,1,1,True,True,True,True,"[""perennial""]","[""perennial""]",[],[]
bellis perennis|efloras.flora_of_north_america,bellis perennis,efloras.flora_of_north_america,habitat,1,0,0,1,1,True,True,True,True,"[""terrestrial""]","[""terrestrial""]",[],[]
bellis perennis|efloras.flora_of_north_america,bellis perennis,efloras.flora_of_north_america,habit,2,0,0,2,2,True,True,True,True,"[""erect leafy/tussock"", ""herb""]","[""erect leafy/tussock"", ""herb""]",[],[]
bellis perennis|efloras.flora_of_north_america,bellis perennis,efloras.flora_of_north_america,clonality,1,0,0,1,1,True,True,True,True,"[""rhizome""]","[""rhizome""]",[],[]
bellis perennis|efloras.flora_of_north_america,bellis perennis,efloras.flora_of_north_america,perennial organ,1,0,0,1,1,True,True,True,True,"[""rhizome""]","[""rhizome""]",[],[]
bellis perennis|efloras.flora_of_north_america,bellis perennis,efloras.flora_of_north_america,plant min. height [m],0,0,0,0,0,False,False,False,True,[],[],[],[]
bellis perennis|efloras.flora_of_north_america,bellis perennis,efloras.flora_of_north_america,plant max. height [m],0,0,0,0,0,False,False,False,True,[],[],[],[]
bellis perennis|efloras.flora_of_north_america,bellis perennis,efloras.flora_of_north_america,indumentum,0,0,0,0,0,False,False,False,True,[],[],[],[]
bellis perennis|efloras.flora_of_north_america,bellis perennis,efloras.flora_of_north_america,spinescence,0,0,0,0,0,False,False,False,True,[],[],[],[]
bellis perennis|efloras.flora_of_north_america,bellis perennis,efloras.flora_of_north_america,succulence,0,0,0,0,0,False,False,False,True,[],[],[],[]
bellis perennis|efloras.flora_of_north_america,bellis perennis,efloras.flora_of_north_america,leaf arrangement,0,0,0,0,0,False,False,False,True,[],[],[],[]
bellis perennis|efloras.flora_of_north_america,bellis perennis,efloras.flora_of_north_america,leaf architecture,0,0,0,0,0,False,False,False,True,[],[],[],[]
bellis perennis|efloras.flora_of_north_america,bellis perennis,efloras.flora_of_north_america,leaf position,0,0,0,0,0,False,False,False,True,[],[],[],[]
bellis perennis|efloras.flora_of_north_america,bellis perennis,efloras.flora_of_north_america,leaf shape,0,2,0,0,2,False,True,True,False,[],"[""orbicular"", ""rounded""]","[""orbicular"", ""rounded""]",[]
bellis perennis|efloras.flora_of_north_america,bellis perennis,efloras.flora_of_north_america,leaf apex,1,1,0,1,2,True,True,True,False,"[""rounded""]","[""attenuate"", ""rounded""]","[""attenuate""]",[]
bellis perennis|efloras.flora_of_north_america,bellis perennis,efloras.flora_of_north_america,leaf base,2,0,0,2,2,True,True,True,True,"[""attenuate"", ""rounded""]","[""attenuate"", ""rounded""]",[],[]
bellis perennis|efloras.flora_of_north_america,bellis perennis,efloras.flora_of_north_america,leaf margin,0,0,0,0,0,False,False,False,True,[],[],[],[]
bellis perennis|efloras.flora_of_north_america,bellis perennis,efloras.flora_of_north_america,leaf min. width [cm],1,0,0,1,1,True,True,True,True,"[""0.4""]","[""0.4""]",[],[]
bellis perennis|efloras.flora_of_north_america,bellis perennis,efloras.flora_of_north_america,leaf max. width [cm],1,0,0,1,1,True,True,True,True,"[""2.0""]","[""2.0""]",[],[]
bellis perennis|efloras.flora_of_north_america,bellis perennis,efloras.flora_of_north_america,leaf min. length [cm],1,0,0,1,1,True,True,True,True,"[""0.6""]","[""0.6""]",[],[]
bellis perennis|efloras.flora_of_north_america,bellis perennis,efloras.flora_of_north_america,leaf max. length [cm],1,0,0,1,1,True,True,True,True,"[""4.0""]","[""4.0""]",[],[]
bellis perennis|efloras.flora_of_north_america,bellis perennis,efloras.flora_of_north_america,bract colour,0,0,0,0,0,False,False,False,True,[],[],[],[]
bellis perennis|efloras.flora_of_north_america,bellis perennis,efloras.flora_of_north_america,bracteole colour,0,0,0,0,0,False,False,False,True,[],[],[],[]
bellis perennis|efloras.flora_of_north_america,bellis perennis,efloras.flora_of_north_america,inflorescence arrangement,0,0,0,0,0,False,False,False,True,[],[],[],[]
bellis perennis|efloras.flora_of_north_america,bellis perennis,efloras.flora_of_north_america,inflorescence orientation,0,0,0,0,0,False,False,False,True,[],[],[],[]
bellis perennis|efloras.flora_of_north_america,bellis perennis,efloras.flora_of_north_america,flower sex,0,0,0,0,0,False,False,False,True,[],[],[],[]
bellis perennis|efloras.flora_of_north_america,bellis perennis,efloras.flora_of_north_america,flower architecture,0,0,0,0,0,False,False,False,True,[],[],[],[]
bellis perennis|efloras.flora_of_north_america,bellis perennis,efloras.flora_of_north_america,flower merosity,0,0,0,0,0,False,False,False,True,[],[],[],[]
bellis perennis|efloras.flora_of_north_america,bellis perennis,efloras.flora_of_north_america,flower symmetry,0,0,0,0,0,False,False,False,True,[],[],[],[]
bellis perennis|efloras.flora_of_north_america,bellis perennis,efloras.flora_of_north_america,flower shape,0,0,0,0,0,False,False,False,True,[],[],[],[]
bellis perennis|efloras.flora_of_north_america,bellis perennis,efloras.flora_of_north_america,flower colour,0,0,0,0,0,False,False,False,True,[],[],[],[]
bellis perennis|efloras.flora_of_north_america,bellis perennis,efloras.flora_of_north_america,flower orientation,0,0,0,0,0,False,False,False,True,[],[],[],[]
bellis perennis|efloras.flora_of_north_america,bellis perennis,efloras.flora_of_north_america,petal fusion,0,0,0,0,0,False,False,False,True,[],[],[],[]
bellis perennis|efloras.flora_of_north_america,bellis perennis,efloras.flora_of_north_america,petal colour,0,0,0,0,0,False,False,False,True,[],[],[],[]
bellis perennis|efloras.flora_of_north_america,bellis perennis,efloras.flora_of_north_america,petal min. width [cm],0,0,0,0,0,False,False,False,True,[],[],[],[]
bellis perennis|efloras.flora_of_north_america,bellis perennis,efloras.flora_of_north_america,petal max. width [cm],0,0,0,0,0,False,False,False,True,[],[],[],[]
bellis perennis|efloras.flora_of_north_america,bellis perennis,efloras.flora_of_north_america,calyx colour,0,0,0,0,0,False,False,False,True,[],[],[],[]
bellis perennis|efloras.flora_of_north_america,bellis perennis,efloras.flora_of_north_america,calyx min. length [cm],0,0,0,0,0,False,False,False,True,[],[],[],[]
bellis perennis|efloras.flora_of_north_america,bellis perennis,efloras.flora_of_north_america,calyx max. length [cm],0,0,0,0,0,False,False,False,True,[],[],[],[]
bellis perennis|efloras.flora_of_north_america,bellis perennis,efloras.flora_of_north_america,corolla colour,0,0,0,0,0,False,False,False,True,[],[],[],[]
bellis perennis|efloras.flora_of_north_america,bellis perennis,efloras.flora_of_north_america,corolla tube min. length [cm],0,1,0,0,1,False,True,True,False,[],"[""0.4""]","[""0.4""]",[]
bellis perennis|efloras.flora_of_north_america,bellis perennis,efloras.flora_of_north_america,corolla tube max. length [cm],0,1,0,0,1,False,True,True,False,[],"[""1.1""]","[""1.1""]",[]
bellis perennis|efloras.flora_of_north_america,bellis perennis,efloras.flora_of_north_america,corolla tube lipped,0,0,0,0,0,False,False,False,True,[],[],[],[]
bellis perennis|efloras.flora_of_north_america,bellis perennis,efloras.flora_of_north_america,labellum colour,0,0,0,0,0,False,False,False,True,[],[],[],[]
bellis perennis|efloras.flora_of_north_america,bellis perennis,efloras.flora_of_north_america,labellum min. width [cm],0,0,0,0,0,False,False,False,True,[],[],[],[]
bellis perennis|efloras.flora_of_north_america,bellis perennis,efloras.flora_of_north_america,labellum max. width [cm],0,0,0,0,0,False,False,False,True,[],[],[],[]
bellis perennis|efloras.flora_of_north_america,bellis perennis,efloras.flora_of_north_america,spur min. length [cm],0,0,0,0,0,False,False,False,True,[],[],[],[]
bellis perennis|efloras.flora_of_north_america,bellis perennis,efloras.flora_of_north_america,spur max. length [cm],0,0,0,0,0,False,False,False,True,[],[],[],[]
bellis perennis|efloras.flora_of_north_america,bellis perennis,efloras.flora_of_north_america,reproduction architecture,0,0,0,0,0,False,False,False,True,[],[],[],[]
bellis perennis|efloras.flora_of_north_america,bellis perennis,efloras.flora_of_north_america,reproduction system,0,0,0,0,0,False,False,False,True,[],[],[],[]
bellis perennis|efloras.flora_of_north_america,bellis perennis,efloras.flora_of_north_america,stamen number,0,0,0,0,0,False,False,False,True,[],[],[],[]
bellis perennis|efloras.flora_of_north_america,bellis perennis,efloras.flora_of_north_america,stamen arrangement,0,0,0,0,0,False,False,False,True,[],[],[],[]
bellis perennis|efloras.flora_of_north_america,bellis perennis,efloras.flora_of_north_america,stamenoid number,0,0,0,0,0,False,False,False,True,[],[],[],[]
bellis perennis|efloras.flora_of_north_america,bellis perennis,efloras.flora_of_north_america,stamen min. length [cm],0,0,0,0,0,False,False,False,True,[],[],[],[]
bellis perennis|efloras.flora_of_north_america,bellis perennis,efloras.flora_of_north_america,stamen max. length [cm],0,0,0,0,0,False,False,False,True,[],[],[],[]
bellis perennis|efloras.flora_of_north_america,bellis perennis,efloras.flora_of_north_america,staminodium,0,0,0,0,0,False,False,False,True,[],[],[],[]
bellis perennis|efloras.flora_of_north_america,bellis perennis,efloras.flora_of_north_america,pollen colour,0,0,0,0,0,False,False,False,True,[],[],[],[]
bellis perennis|efloras.flora_of_north_america,bellis perennis,efloras.flora_of_north_america,carpel/ovary number,0,0,0,0,0,False,False,False,True,[],[],[],[]
bellis perennis|efloras.flora_of_north_america,bellis perennis,efloras.flora_of_north_america,gynoecium arrangement,0,0,0,0,0,False,False,False,True,[],[],[],[]
bellis perennis|efloras.flora_of_north_america,bellis perennis,efloras.flora_of_north_america,heterostyly,0,0,0,0,0,False,False,False,True,[],[],[],[]
bellis perennis|efloras.flora_of_north_america,bellis perennis,efloras.flora_of_north_america,pollination,0,0,0,0,0,False,False,False,True,[],[],[],[]
bellis perennis|efloras.flora_of_north_america,bellis perennis,efloras.flora_of_north_america,reward,0,0,0,0,0,False,False,False,True,[],[],[],[]
bellis perennis|efloras.flora_of_north_america,bellis perennis,efloras.flora_of_north_america,fruit type,0,0,1,1,0,True,False,True,False,"[""cypsela""]",[],[],"[""cypsela""]"
bellis perennis|efloras.flora_of_north_america,bellis perennis,efloras.flora_of_north_america,fruit structure,0,0,0,0,0,False,False,False,True,[],[],[],[]
bellis perennis|efloras.flora_of_north_america,bellis perennis,efloras.flora_of_north_america,fruit dehiscence,0,0,0,0,0,False,False,False,True,[],[],[],[]
bellis perennis|efloras.flora_of_north_america,bellis perennis,efloras.flora_of_north_america,fruit shape,0,0,0,0,0,False,False,False,True,[],[],[],[]
bellis perennis|efloras.flora_of_north_america,bellis perennis,efloras.flora_of_north_america,fruit colour,0,0,0,0,0,False,False,False,True,[],[],[],[]
bellis perennis|efloras.flora_of_north_america,bellis perennis,efloras.flora_of_north_america,seed colour,0,0,0,0,0,False,False,False,True,[],[],[],[]
bellis perennis|efloras.flora_of_north_america,bellis perennis,efloras.flora_of_north_america,seeds per fruit min,0,0,0,0,0,False,False,False,True,[],[],[],[]
bellis perennis|efloras.flora_of_north_america,bellis perennis,efloras.flora_of_north_america,seeds per fruit max,0,0,0,0,0,False,False,False,True,[],[],[],[]
bellis perennis|efloras.flora_of_north_america,bellis perennis,efloras.flora_of_north_america,seeds per fruit min.,0,0,0,0,0,False,False,False,True,[],[],[],[]
bellis perennis|efloras.flora_of_north_america,bellis perennis,efloras.flora_of_north_america,seed min. width [mm],0,0,0,0,0,False,False,False,True,[],[],[],[]
bellis perennis|efloras.flora_of_north_america,bellis perennis,efloras.flora_of_north_america,seed max. width [mm],0,0,0,0,0,False,False,False,True,[],[],[],[]
bellis perennis|efloras.flora_of_north_america,bellis perennis,efloras.flora_of_north_america,seed min. length [mm],0,0,0,0,0,False,False,False,True,[],[],[],[]
bellis perennis|efloras.flora_of_north_america,bellis perennis,efloras.flora_of_north_america,seed max. length [mm],0,0,0,0,0,False,False,False,True,[],[],[],[]
bellis perennis|efloras.flora_of_north_america,bellis perennis,efloras.flora_of_north_america,seed min. diameter [mm],0,0,0,0,0,False,False,False,True,[],[],[],[]
bellis perennis|efloras.flora_of_north_america,bellis perennis,efloras.flora_of_north_america,seed max. diameter [mm],0,0,0,0,0,False,False,False,True,[],[],[],[]
bellis perennis|efloras.flora_of_north_america,bellis perennis,efloras.flora_of_north_america,dispersal mode,0,1,0,0,1,False,True,True,False,[],"[""anemochory""]","[""anemochory""]",[]
bellis perennis|efloras.flora_of_north_america,bellis perennis,efloras.flora_of_north_america,ploidy level (2n),1,0,0,1,1,True,True,True,True,"[""18""]","[""18""]",[],[]
bellis perennis|efloras.flora_of_north_america,bellis perennis,efloras.flora_of_north_america,root min. depth [cm],0,0,0,0,0,False,False,False,True,[],[],[],[]
bellis perennis|efloras.flora_of_north_america,bellis perennis,efloras.flora_of_north_america,root max. depth [cm],0,0,0,0,0,False,False,False,True,[],[],[],[]
briza media|efloras.flora_of_china,briza media,efloras.flora_of_china,life form,1,0,0,1,1,True,True,True,True,"[""perennial""]","[""perennial""]",[],[]
briza media|efloras.flora_of_china,briza media,efloras.flora_of_china,habitat,1,0,0,1,1,True,True,True,True,"[""terrestrial""]","[""terrestrial""]",[],[]
briza media|efloras.flora_of_china,briza media,efloras.flora_of_china,habit,2,1,0,2,3,True,True,True,False,"[""erect leafy/tussock"", ""tussock""]","[""caespitose"", ""erect leafy/tussock"", ""tussock""]","[""caespitose""]",[]
briza media|efloras.flora_of_china,briza media,efloras.flora_of_china,clonality,2,0,0,2,2,True,True,True,True,"[""rhizomatous"", ""rhizome""]","[""rhizomatous"", ""rhizome""]",[],[]
briza media|efloras.flora_of_china,briza media,efloras.flora_of_china,perennial organ,1,0,0,1,1,True,True,True,True,"[""rhizome""]","[""rhizome""]",[],[]
briza media|efloras.flora_of_china,briza media,efloras.flora_of_china,plant min. height [m],0,0,1,1,0,True,False,True,False,"[""0.4""]",[],[],"[""0.4""]"
briza media|efloras.flora_of_china,briza media,efloras.flora_of_china,plant max. height [m],0,0,1,1,0,True,False,True,False,"[""0.6""]",[],[],"[""0.6""]"
briza media|efloras.flora_of_china,briza media,efloras.flora_of_china,indumentum,1,1,0,1,2,True,True,True,False,"[""scabrous""]","[""glabrous"", ""scabrous""]","[""glabrous""]",[]
briza media|efloras.flora_of_china,briza media,efloras.flora_of_china,spinescence,0,0,0,0,0,False,False,False,True,[],[],[],[]
briza media|efloras.flora_of_china,briza media,efloras.flora_of_china,succulence,0,0,0,0,0,False,False,False,True,[],[],[],[]
briza media|efloras.flora_of_china,briza media,efloras.flora_of_china,leaf arrangement,0,0,0,0,0,False,False,False,True,[],[],[],[]
briza media|efloras.flora_of_china,briza media,efloras.flora_of_china,leaf architecture,0,0,0,0,0,False,False,False,True,[],[],[],[]
briza media|efloras.flora_of_china,briza media,efloras.flora_of_china,leaf position,0,0,0,0,0,False,False,False,True,[],[],[],[]
briza media|efloras.flora_of_china,briza media,efloras.flora_of_china,leaf shape,0,0,0,0,0,False,False,False,True,[],[],[],[]
briza media|efloras.flora_of_china,briza media,efloras.flora_of_china,leaf apex,1,0,0,1,1,True,True,True,True,"[""acute""]","[""acute""]",[],[]
briza media|efloras.flora_of_china,briza media,efloras.flora_of_china,leaf base,0,0,0,0,0,False,False,False,True,[],[],[],[]
briza media|efloras.flora_of_china,briza media,efloras.flora_of_china,leaf margin,0,0,1,1,0,True,False,True,False,"[""scabrous""]",[],[],"[""scabrous""]"
briza media|efloras.flora_of_china,briza media,efloras.flora_of_china,leaf min. width [cm],1,0,0,1,1,True,True,True,True,"[""0.4""]","[""0.4""]",[],[]
briza media|efloras.flora_of_china,briza media,efloras.flora_of_china,leaf max. width [cm],1,0,0,1,1,True,True,True,True,"[""0.5""]","[""0.5""]",[],[]
briza media|efloras.flora_of_china,briza media,efloras.flora_of_china,leaf min. length [cm],1,0,0,1,1,True,True,True,True,"[""4.0""]","[""4.0""]",[],[]
briza media|efloras.flora_of_china,briza media,efloras.flora_of_china,leaf max. length [cm],1,0,0,1,1,True,True,True,True,"[""15.0""]","[""15.0""]",[],[]
briza media|efloras.flora_of_china,briza media,efloras.flora_of_china,bract colour,0,0,0,0,0,False,False,False,True,[],[],[],[]
briza media|efloras.flora_of_china,briza media,efloras.flora_of_china,bracteole colour,0,0,0,0,0,False,False,False,True,[],[],[],[]
briza media|efloras.flora_of_china,briza media,efloras.flora_of_china,inflorescence arrangement,0,0,2,2,0,True,False,True,False,"[""panicle"", ""spikelet""]",[],[],"[""panicle"", ""spikelet""]"
briza media|efloras.flora_of_china,briza media,efloras.flora_of_china,inflorescence orientation,0,0,0,0,0,False,False,False,True,[],[],[],[]
briza media|efloras.flora_of_china,briza media,efloras.flora_of_china,flower sex,0,0,0,0,0,False,False,False,True,[],[],[],[]
briza media|efloras.flora_of_china,briza media,efloras.flora_of_china,flower architecture,0,0,0,0,0,False,False,False,True,[],[],[],[]
briza media|efloras.flora_of_china,briza media,efloras.flora_of_china,flower merosity,0,0,0,0,0,False,False,False,True,[],[],[],[]
briza media|efloras.flora_of_china,briza media,efloras.flora_of_china,flower symmetry,0,0,0,0,0,False,False,False,True,[],[],[],[]
briza media|efloras.flora_of_china,briza media,efloras.flora_of_china,flower shape,0,0,0,0,0,False,False,False,True,[],[],[],[]
briza media|efloras.flora_of_china,briza media,efloras.flora_of_china,flower colour,0,0,0,0,0,False,False,False,True,[],[],[],[]
briza media|efloras.flora_of_china,briza media,efloras.flora_of_china,flower orientation,0,0,0,0,0,False,False,False,True,[],[],[],[]
briza media|efloras.flora_of_china,briza media,efloras.flora_of_china,petal fusion,0,0,0,0,0,False,False,False,True,[],[],[],[]
briza media|efloras.flora_of_china,briza media,efloras.flora_of_china,petal colour,0,0,0,0,0,False,False,False,True,[],[],[],[]
briza media|efloras.flora_of_china,briza media,efloras.flora_of_china,petal min. width [cm],0,0,0,0,0,False,False,False,True,[],[],[],[]
briza media|efloras.flora_of_china,briza media,efloras.flora_of_china,petal max. width [cm],0,0,0,0,0,False,False,False,True,[],[],[],[]
briza media|efloras.flora_of_china,briza media,efloras.flora_of_china,calyx colour,0,0,0,0,0,False,False,False,True,[],[],[],[]
briza media|efloras.flora_of_china,briza media,efloras.flora_of_china,calyx min. length [cm],0,0,0,0,0,False,False,False,True,[],[],[],[]
briza media|efloras.flora_of_china,briza media,efloras.flora_of_china,calyx max. length [cm],0,0,0,0,0,False,False,False,True,[],[],[],[]
briza media|efloras.flora_of_china,briza media,efloras.flora_of_china,corolla colour,0,0,0,0,0,False,False,False,True,[],[],[],[]
briza media|efloras.flora_of_china,briza media,efloras.flora_of_china,corolla tube min. length [cm],0,0,0,0,0,False,False,False,True,[],[],[],[]
briza media|efloras.flora_of_china,briza media,efloras.flora_of_china,corolla tube max. length [cm],0,0,0,0,0,False,False,False,True,[],[],[],[]
briza media|efloras.flora_of_china,briza media,efloras.flora_of_china,corolla tube lipped,0,0,0,0,0,False,False,False,True,[],[],[],[]
briza media|efloras.flora_of_china,briza media,efloras.flora_of_china,labellum colour,0,0,0,0,0,False,False,False,True,[],[],[],[]
briza media|efloras.flora_of_china,briza media,efloras.flora_of_china,labellum min. width [cm],0,0,0,0,0,False,False,False,True,[],[],[],[]
briza media|efloras.flora_of_china,briza media,efloras.flora_of_china,labellum max. width [cm],0,0,0,0,0,False,False,False,True,[],[],[],[]
briza media|efloras.flora_of_china,briza media,efloras.flora_of_china,spur min. length [cm],0,0,0,0,0,False,False,False,True,[],[],[],[]
briza media|efloras.flora_of_china,briza media,efloras.flora_of_china,spur max. length [cm],0,0,0,0,0,False,False,False,True,[],[],[],[]
briza media|efloras.flora_of_china,briza media,efloras.flora_of_china,reproduction architecture,0,0,0,0,0,False,False,False,True,[],[],[],[]
briza media|efloras.flora_of_china,briza media,efloras.flora_of_china,reproduction system,0,0,0,0,0,False,False,False,True,[],[],[],[]
briza media|efloras.flora_of_china,briza media,efloras.flora_of_china,stamen number,0,0,0,0,0,False,False,False,True,[],[],[],[]
briza media|efloras.flora_of_china,briza media,efloras.flora_of_china,stamen arrangement,0,0,0,0,0,False,False,False,True,[],[],[],[]
briza media|efloras.flora_of_china,briza media,efloras.flora_of_china,stamenoid number,0,0,0,0,0,False,False,False,True,[],[],[],[]
briza media|efloras.flora_of_china,briza media,efloras.flora_of_china,stamen min. length [cm],0,0,0,0,0,False,False,False,True,[],[],[],[]
briza media|efloras.flora_of_china,briza media,efloras.flora_of_china,stamen max. length [cm],0,0,0,0,0,False,False,False,True,[],[],[],[]
briza media|efloras.flora_of_china,briza media,efloras.flora_of_china,staminodium,0,0,0,0,0,False,False,False,True,[],[],[],[]
briza media|efloras.flora_of_china,briza media,efloras.flora_of_china,pollen colour,0,0,0,0,0,False,False,False,True,[],[],[],[]
briza media|efloras.flora_of_china,briza media,efloras.flora_of_china,carpel/ovary number,0,0,0,0,0,False,False,False,True,[],[],[],[]
briza media|efloras.flora_of_china,briza media,efloras.flora_of_china,gynoecium arrangement,0,0,0,0,0,False,False,False,True,[],[],[],[]
briza media|efloras.flora_of_china,briza media,efloras.flora_of_china,heterostyly,0,0,0,0,0,False,False,False,True,[],[],[],[]
briza media|efloras.flora_of_china,briza media,efloras.flora_of_china,pollination,0,0,0,0,0,False,False,False,True,[],[],[],[]
briza media|efloras.flora_of_china,briza media,efloras.flora_of_china,reward,0,0,0,0,0,False,False,False,True,[],[],[],[]
briza media|efloras.flora_of_china,briza media,efloras.flora_of_china,fruit type,0,0,0,0,0,False,False,False,True,[],[],[],[]
briza media|efloras.flora_of_china,briza media,efloras.flora_of_china,fruit structure,0,0,0,0,0,False,False,False,True,[],[],[],[]
briza media|efloras.flora_of_china,briza media,efloras.flora_of_china,fruit dehiscence,0,0,0,0,0,False,False,False,True,[],[],[],[]
briza media|efloras.flora_of_china,briza media,efloras.flora_of_china,fruit shape,0,0,0,0,0,False,False,False,True,[],[],[],[]
briza media|efloras.flora_of_china,briza media,efloras.flora_of_china,fruit colour,0,0,0,0,0,False,False,False,True,[],[],[],[]
briza media|efloras.flora_of_china,briza media,efloras.flora_of_china,seed colour,0,0,0,0,0,False,False,False,True,[],[],[],[]
briza media|efloras.flora_of_china,briza media,efloras.flora_of_china,seeds per fruit min,0,0,0,0,0,False,False,False,True,[],[],[],[]
briza media|efloras.flora_of_china,briza media,efloras.flora_of_china,seeds per fruit max,0,0,0,0,0,False,False,False,True,[],[],[],[]
briza media|efloras.flora_of_china,briza media,efloras.flora_of_china,seeds per fruit min.,0,0,0,0,0,False,False,False,True,[],[],[],[]
briza media|efloras.flora_of_china,briza media,efloras.flora_of_china,seed min. width [mm],0,0,0,0,0,False,False,False,True,[],[],[],[]
briza media|efloras.flora_of_china,briza media,efloras.flora_of_china,seed max. width [mm],0,0,0,0,0,False,False,False,True,[],[],[],[]
briza media|efloras.flora_of_china,briza media,efloras.flora_of_china,seed min. length [mm],0,0,0,0,0,False,False,False,True,[],[],[],[]
briza media|efloras.flora_of_china,briza media,efloras.flora_of_china,seed max. length [mm],0,0,0,0,0,False,False,False,True,[],[],[],[]
briza media|efloras.flora_of_china,briza media,efloras.flora_of_china,seed min. diameter [mm],0,0,0,0,0,False,False,False,True,[],[],[],[]
briza media|efloras.flora_of_china,briza media,efloras.flora_of_china,seed max. diameter [mm],0,0,0,0,0,False,False,False,True,[],[],[],[]
briza media|efloras.flora_of_china,briza media,efloras.flora_of_china,dispersal mode,0,0,0,0,0,False,False,False,True,[],[],[],[]
briza media|efloras.flora_of_china,briza media,efloras.flora_of_china,ploidy level (2n),2,0,0,2,2,True,True,True,True,"[""14"", ""28""]","[""14"", ""28""]",[],[]
briza media|efloras.flora_of_china,briza media,efloras.flora_of_china,root min. depth [cm],0,0,0,0,0,False,False,False,True,[],[],[],[]
briza media|efloras.flora_of_china,briza media,efloras.flora_of_china,root max. depth [cm],0,0,0,0,0,False,False,False,True,[],[],[],[]
cardamine flexuosa|efloras.flora_of_north_america,cardamine flexuosa,efloras.flora_of_north_america,life form,1,1,0,1,2,True,True,True,False,"[""annual""]","[""annual"", ""perennial""]","[""perennial""]",[]
cardamine flexuosa|efloras.flora_of_north_america,cardamine flexuosa,efloras.flora_of_north_america,habitat,1,0,0,1,1,True,True,True,True,"[""terrestrial""]","[""terrestrial""]",[],[]
cardamine flexuosa|efloras.flora_of_north_america,cardamine flexuosa,efloras.flora_of_north_america,habit,1,1,0,1,2,True,True,True,False,"[""erect leafy""]","[""erect leafy"", ""erect leafy/tussock""]","[""erect leafy/tussock""]",[]
cardamine flexuosa|efloras.flora_of_north_america,cardamine flexuosa,efloras.flora_of_north_america,clonality,1,1,0,1,2,True,True,True,False,"[""solitary plant""]","[""rhizome"", ""solitary plant""]","[""rhizome""]",[]
cardamine flexuosa|efloras.flora_of_north_america,cardamine flexuosa,efloras.flora_of_north_america,perennial organ,1,1,0,1,2,True,True,True,False,"[""stem""]","[""rhizome"", ""stem""]","[""rhizome""]",[]
cardamine flexuosa|efloras.flora_of_north_america,cardamine flexuosa,efloras.flora_of_north_america,plant min. height [m],0,0,1,1,0,True,False,True,False,"[""0.06""]",[],[],"[""0.06""]"
cardamine flexuosa|efloras.flora_of_north_america,cardamine flexuosa,efloras.flora_of_north_america,plant max. height [m],0,0,1,1,0,True,False,True,False,"[""0.5""]",[],[],"[""0.5""]"
cardamine flexuosa|efloras.flora_of_north_america,cardamine flexuosa,efloras.flora_of_north_america,indumentum,0,0,3,3,0,True,False,True,False,"[""ciliate"", ""glabrous"", ""hirsute""]",[],[],"[""ciliate"", ""glabrous"", ""hirsute""]"
cardamine flexuosa|efloras.flora_of_north_america,cardamine flexuosa,efloras.flora_of_north_america,spinescence,0,0,0,0,0,False,False,False,True,[],[],[],[]
cardamine flexuosa|efloras.flora_of_north_america,cardamine flexuosa,efloras.flora_of_north_america,succulence,0,0,0,0,0,False,False,False,True,[],[],[],[]
cardamine flexuosa|efloras.flora_of_north_america,cardamine flexuosa,efloras.flora_of_north_america,leaf arrangement,0,0,0,0,0,False,False,False,True,[],[],[],[]
cardamine flexuosa|efloras.flora_of_north_america,cardamine flexuosa,efloras.flora_of_north_america,leaf architecture,0,0,0,0,0,False,False,False,True,[],[],[],[]
cardamine flexuosa|efloras.flora_of_north_america,cardamine flexuosa,efloras.flora_of_north_america,leaf position,0,0,0,0,0,False,False,False,True,[],[],[],[]
cardamine flexuosa|efloras.flora_of_north_america,cardamine flexuosa,efloras.flora_of_north_america,leaf shape,3,1,2,5,4,True,True,True,False,"[""elliptic"", ""oblong"", ""orbicular"", ""ovate"", ""reniform""]","[""elliptic"", ""oblong"", ""ovate"", ""repand""]","[""repand""]","[""orbicular"", ""reniform""]"
cardamine flexuosa|efloras.flora_of_north_america,cardamine flexuosa,efloras.flora_of_north_america,leaf apex,0,0,1,1,0,True,False,True,False,"[""truncate""]",[],[],"[""truncate""]"
cardamine flexuosa|efloras.flora_of_north_america,cardamine flexuosa,efloras.flora_of_north_america,leaf base,0,0,1,1,0,True,False,True,False,"[""rounded""]",[],[],"[""rounded""]"
cardamine flexuosa|efloras.flora_of_north_america,cardamine flexuosa,efloras.flora_of_north_america,leaf margin,3,0,0,3,3,True,True,True,True,"[""crenate"", ""entire"", ""repand""]","[""crenate"", ""entire"", ""repand""]",[],[]
cardamine flexuosa|efloras.flora_of_north_america,cardamine flexuosa,efloras.flora_of_north_america,leaf min. width [cm],0,0,1,1,0,True,False,True,False,"[""0.4""]",[],[],"[""0.4""]"
cardamine flexuosa|efloras.flora_of_north_america,cardamine flexuosa,efloras.flora_of_north_america,leaf max. width [cm],0,0,1,1,0,True,False,True,False,"[""3.0""]",[],[],"[""3.0""]"
cardamine flexuosa|efloras.flora_of_north_america,cardamine flexuosa,efloras.flora_of_north_america,leaf min. length [cm],0,1,1,1,1,True,True,True,False,"[""0.5""]","[""2.0""]","[""2.0""]","[""0.5""]"
cardamine flexuosa|efloras.flora_of_north_america,cardamine flexuosa,efloras.flora_of_north_america,leaf max. length [cm],0,1,1,1,1,True,True,True,False,"[""2.5""]","[""7.0""]","[""7.0""]","[""2.5""]"
cardamine flexuosa|efloras.flora_of_north_america,cardamine flexuosa,efloras.flora_of_north_america,bract colour,0,0,0,0,0,False,False,False,True,[],[],[],[]
cardamine flexuosa|efloras.flora_of_north_america,cardamine flexuosa,efloras.flora_of_north_america,bracteole colour,0,0,0,0,0,False,False,False,True,[],[],[],[]
cardamine flexuosa|efloras.flora_of_north_america,cardamine flexuosa,efloras.flora_of_north_america,inflorescence arrangement,0,0,1,1,0,True,False,True,False,"[""raceme""]",[],[],"[""raceme""]"
cardamine flexuosa|efloras.flora_of_north_america,cardamine flexuosa,efloras.flora_of_north_america,inflorescence orientation,0,0,0,0,0,False,False,False,True,[],[],[],[]
cardamine flexuosa|efloras.flora_of_north_america,cardamine flexuosa,efloras.flora_of_north_america,flower sex,0,0,0,0,0,False,False,False,True,[],[],[],[]
cardamine flexuosa|efloras.flora_of_north_america,cardamine flexuosa,efloras.flora_of_north_america,flower architecture,0,0,0,0,0,False,False,False,True,[],[],[],[]
cardamine flexuosa|efloras.flora_of_north_america,cardamine flexuosa,efloras.flora_of_north_america,flower merosity,0,0,0,0,0,False,False,False,True,[],[],[],[]
cardamine flexuosa|efloras.flora_of_north_america,cardamine flexuosa,efloras.flora_of_north_america,flower symmetry,0,0,0,0,0,False,False,False,True,[],[],[],[]
cardamine flexuosa|efloras.flora_of_north_america,cardamine flexuosa,efloras.flora_of_north_america,flower shape,0,0,0,0,0,False,False,False,True,[],[],[],[]
cardamine flexuosa|efloras.flora_of_north_america,cardamine flexuosa,efloras.flora_of_north_america,flower colour,0,0,0,0,0,False,False,False,True,[],[],[],[]
cardamine flexuosa|efloras.flora_of_north_america,cardamine flexuosa,efloras.flora_of_north_america,flower orientation,0,0,0,0,0,False,False,False,True,[],[],[],[]
cardamine flexuosa|efloras.flora_of_north_america,cardamine flexuosa,efloras.flora_of_north_america,petal fusion,0,0,0,0,0,False,False,False,True,[],[],[],[]
cardamine flexuosa|efloras.flora_of_north_america,cardamine flexuosa,efloras.flora_of_north_america,petal colour,1,0,0,1,1,True,True,True,True,"[""white""]","[""white""]",[],[]
cardamine flexuosa|efloras.flora_of_north_america,cardamine flexuosa,efloras.flora_of_north_america,petal min. width [cm],1,0,0,1,1,True,True,True,True,"[""0.1""]","[""0.1""]",[],[]
cardamine flexuosa|efloras.flora_of_north_america,cardamine flexuosa,efloras.flora_of_north_america,petal max. width [cm],1,0,0,1,1,True,True,True,True,"[""0.17""]","[""0.17""]",[],[]
cardamine flexuosa|efloras.flora_of_north_america,cardamine flexuosa,efloras.flora_of_north_america,calyx colour,0,0,0,0,0,False,False,False,True,[],[],[],[]
cardamine flexuosa|efloras.flora_of_north_america,cardamine flexuosa,efloras.flora_of_north_america,calyx min. length [cm],0,0,0,0,0,False,False,False,True,[],[],[],[]
cardamine flexuosa|efloras.flora_of_north_america,cardamine flexuosa,efloras.flora_of_north_america,calyx max. length [cm],0,0,0,0,0,False,False,False,True,[],[],[],[]
cardamine flexuosa|efloras.flora_of_north_america,cardamine flexuosa,efloras.flora_of_north_america,corolla colour,0,0,0,0,0,False,False,False,True,[],[],[],[]
cardamine flexuosa|efloras.flora_of_north_america,cardamine flexuosa,efloras.flora_of_north_america,corolla tube min. length [cm],0,0,0,0,0,False,False,False,True,[],[],[],[]
cardamine flexuosa|efloras.flora_of_north_america,cardamine flexuosa,efloras.flora_of_north_america,corolla tube max. length [cm],0,0,0,0,0,False,False,False,True,[],[],[],[]
cardamine flexuosa|efloras.flora_of_north_america,cardamine flexuosa,efloras.flora_of_north_america,corolla tube lipped,0,0,0,0,0,False,False,False,True,[],[],[],[]
cardamine flexuosa|efloras.flora_of_north_america,cardamine flexuosa,efloras.flora_of_north_america,labellum colour,0,0,0,0,0,False,False,False,True,[],[],[],[]
cardamine flexuosa|efloras.flora_of_north_america,cardamine flexuosa,efloras.flora_of_north_america,labellum min. width [cm],0,0,0,0,0,False,False,False,True,[],[],[],[]
cardamine flexuosa|efloras.flora_of_north_america,cardamine flexuosa,efloras.flora_of_north_america,labellum max. width [cm],0,0,0,0,0,False,False,False,True,[],[],[],[]
cardamine flexuosa|efloras.flora_of_north_america,cardamine flexuosa,efloras.flora_of_north_america,spur min. length [cm],0,0,0,0,0,False,False,False,True,[],[],[],[]
cardamine flexuosa|efloras.flora_of_north_america,cardamine flexuosa,efloras.flora_of_north_america,spur max. length [cm],0,0,0,0,0,False,False,False,True,[],[],[],[]
cardamine flexuosa|efloras.flora_of_north_america,cardamine flexuosa,efloras.flora_of_north_america,reproduction architecture,0,0,0,0,0,False,False,False,True,[],[],[],[]
cardamine flexuosa|efloras.flora_of_north_america,cardamine flexuosa,efloras.flora_of_north_america,reproduction system,0,0,0,0,0,False,False,False,True,[],[],[],[]
cardamine flexuosa|efloras.flora_of_north_america,cardamine flexuosa,efloras.flora_of_north_america,stamen number,1,0,0,1,1,True,True,True,True,"[""4.0""]","[""4.0""]",[],[]
cardamine flexuosa|efloras.flora_of_north_america,cardamine flexuosa,efloras.flora_of_north_america,stamen arrangement,0,0,0,0,0,False,False,False,True,[],[],[],[]
cardamine flexuosa|efloras.flora_of_north_america,cardamine flexuosa,efloras.flora_of_north_america,stamenoid number,0,0,0,0,0,False,False,False,True,[],[],[],[]
cardamine flexuosa|efloras.flora_of_north_america,cardamine flexuosa,efloras.flora_of_north_america,stamen min. length [cm],0,0,0,0,0,False,False,False,True,[],[],[],[]
cardamine flexuosa|efloras.flora_of_north_america,cardamine flexuosa,efloras.flora_of_north_america,stamen max. length [cm],0,0,0,0,0,False,False,False,True,[],[],[],[]
cardamine flexuosa|efloras.flora_of_north_america,cardamine flexuosa,efloras.flora_of_north_america,staminodium,0,0,0,0,0,False,False,False,True,[],[],[],[]
cardamine flexuosa|efloras.flora_of_north_america,cardamine flexuosa,efloras.flora_of_north_america,pollen colour,0,0,0,0,0,False,False,False,True,[],[],[],[]
cardamine flexuosa|efloras.flora_of_north_america,cardamine flexuosa,efloras.flora_of_north_america,carpel/ovary number,0,0,0,0,0,False,False,False,True,[],[],[],[]
cardamine flexuosa|efloras.flora_of_north_america,cardamine flexuosa,efloras.flora_of_north_america,gynoecium arrangement,0,0,0,0,0,False,False,False,True,[],[],[],[]
cardamine flexuosa|efloras.flora_of_north_america,cardamine flexuosa,efloras.flora_of_north_america,heterostyly,0,0,0,0,0,False,False,False,True,[],[],[],[]
cardamine flexuosa|efloras.flora_of_north_america,cardamine flexuosa,efloras.flora_of_north_america,pollination,0,0,0,0,0,False,False,False,True,[],[],[],[]
cardamine flexuosa|efloras.flora_of_north_america,cardamine flexuosa,efloras.flora_of_north_america,reward,0,0,0,0,0,False,False,False,True,[],[],[],[]
cardamine flexuosa|efloras.flora_of_north_america,cardamine flexuosa,efloras.flora_of_north_america,fruit type,0,0,0,0,0,False,False,False,True,[],[],[],[]
cardamine flexuosa|efloras.flora_of_north_america,cardamine flexuosa,efloras.flora_of_north_america,fruit structure,0,0,0,0,0,False,False,False,True,[],[],[],[]
cardamine flexuosa|efloras.flora_of_north_america,cardamine flexuosa,efloras.flora_of_north_america,fruit dehiscence,0,0,0,0,0,False,False,False,True,[],[],[],[]
cardamine flexuosa|efloras.flora_of_north_america,cardamine flexuosa,efloras.flora_of_north_america,fruit shape,0,0,0,0,0,False,False,False,True,[],[],[],[]
cardamine flexuosa|efloras.flora_of_north_america,cardamine flexuosa,efloras.flora_of_north_america,fruit colour,0,0,0,0,0,False,False,False,True,[],[],[],[]
cardamine flexuosa|efloras.flora_of_north_america,cardamine flexuosa,efloras.flora_of_north_america,seed colour,1,0,0,1,1,True,True,True,True,"[""brown""]","[""brown""]",[],[]
cardamine flexuosa|efloras.flora_of_north_america,cardamine flexuosa,efloras.flora_of_north_america,seeds per fruit min,0,0,0,0,0,False,False,False,True,[],[],[],[]
cardamine flexuosa|efloras.flora_of_north_america,cardamine flexuosa,efloras.flora_of_north_america,seeds per fruit max,0,0,0,0,0,False,False,False,True,[],[],[],[]
cardamine flexuosa|efloras.flora_of_north_america,cardamine flexuosa,efloras.flora_of_north_america,seeds per fruit min.,0,0,0,0,0,False,False,False,True,[],[],[],[]
cardamine flexuosa|efloras.flora_of_north_america,cardamine flexuosa,efloras.flora_of_north_america,seed min. width [mm],0,1,1,1,1,True,True,True,False,"[""0.9""]","[""0.6""]","[""0.6""]","[""0.9""]"
cardamine flexuosa|efloras.flora_of_north_america,cardamine flexuosa,efloras.flora_of_north_america,seed max. width [mm],0,1,2,2,1,True,True,True,False,"[""1"", ""5""]","[""1.0""]","[""1.0""]","[""1"", ""5""]"
cardamine flexuosa|efloras.flora_of_north_america,cardamine flexuosa,efloras.flora_of_north_america,seed min. length [mm],0,1,1,1,1,True,True,True,False,"[""0.6""]","[""0.9""]","[""0.9""]","[""0.6""]"
cardamine flexuosa|efloras.flora_of_north_america,cardamine flexuosa,efloras.flora_of_north_america,seed max. length [mm],0,1,1,1,1,True,True,True,False,"[""1.0""]","[""1.5""]","[""1.5""]","[""1.0""]"
cardamine flexuosa|efloras.flora_of_north_america,cardamine flexuosa,efloras.flora_of_north_america,seed min. diameter [mm],0,0,0,0,0,False,False,False,True,[],[],[],[]
cardamine flexuosa|efloras.flora_of_north_america,cardamine flexuosa,efloras.flora_of_north_america,seed max. diameter [mm],0,0,0,0,0,False,False,False,True,[],[],[],[]
cardamine flexuosa|efloras.flora_of_north_america,cardamine flexuosa,efloras.flora_of_north_america,dispersal mode,0,0,0,0,0,False,False,False,True,[],[],[],[]
cardamine flexuosa|efloras.flora_of_north_america,cardamine flexuosa,efloras.flora_of_north_america,ploidy level (2n),1,0,0,1,1,True,True,True,True,"[""32""]","[""32""]",[],[]
cardamine flexuosa|efloras.flora_of_north_america,cardamine flexuosa,efloras.flora_of_north_america,root min. depth [cm],0,0,0,0,0,False,False,False,True,[],[],[],[]
cardamine flexuosa|efloras.flora_of_north_america,cardamine flexuosa,efloras.flora_of_north_america,root max. depth [cm],0,0,0,0,0,False,False,False,True,[],[],[],[]
chrysosplenium oppositifolium|ecoflora,chrysosplenium oppositifolium,ecoflora,life form,1,0,0,1,1,True,True,True,True,"[""perennial""]","[""perennial""]",[],[]
chrysosplenium oppositifolium|ecoflora,chrysosplenium oppositifolium,ecoflora,habitat,1,0,0,1,1,True,True,True,True,"[""terrestrial""]","[""terrestrial""]",[],[]
chrysosplenium oppositifolium|ecoflora,chrysosplenium oppositifolium,ecoflora,habit,2,0,0,2,2,True,True,True,True,"[""erect leafy"", ""herb""]","[""erect leafy"", ""herb""]",[],[]
chrysosplenium oppositifolium|ecoflora,chrysosplenium oppositifolium,ecoflora,clonality,1,0,0,1,1,True,True,True,True,"[""solitary plant""]","[""solitary plant""]",[],[]
chrysosplenium oppositifolium|ecoflora,chrysosplenium oppositifolium,ecoflora,perennial organ,1,0,0,1,1,True,True,True,True,"[""stem""]","[""stem""]",[],[]
chrysosplenium oppositifolium|ecoflora,chrysosplenium oppositifolium,ecoflora,plant min. height [m],1,0,0,1,1,True,True,True,True,"[""0.05""]","[""0.05""]",[],[]
chrysosplenium oppositifolium|ecoflora,chrysosplenium oppositifolium,ecoflora,plant max. height [m],1,0,0,1,1,True,True,True,True,"[""0.15""]","[""0.15""]",[],[]
chrysosplenium oppositifolium|ecoflora,chrysosplenium oppositifolium,ecoflora,indumentum,2,0,0,2,2,True,True,True,True,"[""glabrous"", ""hairy""]","[""glabrous"", ""hairy""]",[],[]
chrysosplenium oppositifolium|ecoflora,chrysosplenium oppositifolium,ecoflora,spinescence,0,0,0,0,0,False,False,False,True,[],[],[],[]
chrysosplenium oppositifolium|ecoflora,chrysosplenium oppositifolium,ecoflora,succulence,0,0,0,0,0,False,False,False,True,[],[],[],[]
chrysosplenium oppositifolium|ecoflora,chrysosplenium oppositifolium,ecoflora,leaf arrangement,0,0,0,0,0,False,False,False,True,[],[],[],[]
chrysosplenium oppositifolium|ecoflora,chrysosplenium oppositifolium,ecoflora,leaf architecture,2,0,0,2,2,True,True,True,True,"[""appressed"", ""decurrent""]","[""appressed"", ""decurrent""]",[],[]
chrysosplenium oppositifolium|ecoflora,chrysosplenium oppositifolium,ecoflora,leaf position,1,0,0,1,1,True,True,True,True,"[""opposite""]","[""opposite""]",[],[]
chrysosplenium oppositifolium|ecoflora,chrysosplenium oppositifolium,ecoflora,leaf shape,1,0,0,1,1,True,True,True,True,"[""orbicular""]","[""orbicular""]",[],[]
chrysosplenium oppositifolium|ecoflora,chrysosplenium oppositifolium,ecoflora,leaf apex,2,0,0,2,2,True,True,True,True,"[""obtuse"", ""truncate""]","[""obtuse"", ""truncate""]",[],[]
chrysosplenium oppositifolium|ecoflora,chrysosplenium oppositifolium,ecoflora,leaf base,2,1,0,2,3,True,True,True,False,"[""cuneate"", ""truncate""]","[""cuneate"", ""orbicular"", ""truncate""]","[""orbicular""]",[]
chrysosplenium oppositifolium|ecoflora,chrysosplenium oppositifolium,ecoflora,leaf margin,3,0,0,3,3,True,True,True,True,"[""dentate"", ""entire"", ""sinuate""]","[""dentate"", ""entire"", ""sinuate""]",[],[]
chrysosplenium oppositifolium|ecoflora,chrysosplenium oppositifolium,ecoflora,leaf min. width [cm],0,0,0,0,0,False,False,False,True,[],[],[],[]
chrysosplenium oppositifolium|ecoflora,chrysosplenium oppositifolium,ecoflora,leaf max. width [cm],0,0,0,0,0,False,False,False,True,[],[],[],[]
chrysosplenium oppositifolium|ecoflora,chrysosplenium oppositifolium,ecoflora,leaf min. length [cm],1,0,0,1,1,True,True,True,True,"[""1.0""]","[""1.0""]",[],[]
chrysosplenium oppositifolium|ecoflora,chrysosplenium oppositifolium,ecoflora,leaf max. length [cm],1,0,0,1,1,True,True,True,True,"[""2.0""]","[""2.0""]",[],[]
chrysosplenium oppositifolium|ecoflora,chrysosplenium oppositifolium,ecoflora,bract colour,2,0,0,2,2,True,True,True,True,"[""green"", ""yellow""]","[""green"", ""yellow""]",[],[]
chrysosplenium oppositifolium|ecoflora,chrysosplenium oppositifolium,ecoflora,bracteole colour,0,0,0,0,0,False,False,False,True,[],[],[],[]
chrysosplenium oppositifolium|ecoflora,chrysosplenium oppositifolium,ecoflora,inflorescence arrangement,1,0,0,1,1,True,True,True,True,"[""cyme""]","[""cyme""]",[],[]
chrysosplenium oppositifolium|ecoflora,chrysosplenium oppositifolium,ecoflora,inflorescence orientation,0,0,0,0,0,False,False,False,True,[],[],[],[]
chrysosplenium oppositifolium|ecoflora,chrysosplenium oppositifolium,ecoflora,flower sex,0,0,0,0,0,False,False,False,True,[],[],[],[]
chrysosplenium oppositifolium|ecoflora,chrysosplenium oppositifolium,ecoflora,flower architecture,0,0,0,0,0,False,False,False,True,[],[],[],[]
chrysosplenium oppositifolium|ecoflora,chrysosplenium oppositifolium,ecoflora,flower merosity,0,0,0,0,0,False,False,False,True,[],[],[],[]
chrysosplenium oppositifolium|ecoflora,chrysosplenium oppositifolium,ecoflora,flower symmetry,0,0,0,0,0,False,False,False,True,[],[],[],[]
chrysosplenium oppositifolium|ecoflora,chrysosplenium oppositifolium,ecoflora,flower shape,0,0,0,0,0,False,False,False,True,[],[],[],[]
chrysosplenium oppositifolium|ecoflora,chrysosplenium oppositifolium,ecoflora,flower colour,0,0,0,0,0,False,False,False,True,[],[],[],[]
chrysosplenium oppositifolium|ecoflora,chrysosplenium oppositifolium,ecoflora,flower orientation,0,0,0,0,0,False,False,False,True,[],[],[],[]
chrysosplenium oppositifolium|ecoflora,chrysosplenium oppositifolium,ecoflora,petal fusion,0,0,0,0,0,False,False,False,True,[],[],[],[]
chrysosplenium oppositifolium|ecoflora,chrysosplenium oppositifolium,ecoflora,petal colour,0,0,0,0,0,False,False,False,True,[],[],[],[]
chrysosplenium oppositifolium|ecoflora,chrysosplenium oppositifolium,ecoflora,petal min. width [cm],0,0,0,0,0,False,False,False,True,[],[],[],[]
chrysosplenium oppositifolium|ecoflora,chrysosplenium oppositifolium,ecoflora,petal max. width [cm],0,0,0,0,0,False,False,False,True,[],[],[],[]
chrysosplenium oppositifolium|ecoflora,chrysosplenium oppositifolium,ecoflora,calyx colour,0,0,0,0,0,False,False,False,True,[],[],[],[]
chrysosplenium oppositifolium|ecoflora,chrysosplenium oppositifolium,ecoflora,calyx min. length [cm],0,0,0,0,0,False,False,False,True,[],[],[],[]
chrysosplenium oppositifolium|ecoflora,chrysosplenium oppositifolium,ecoflora,calyx max. length [cm],0,0,0,0,0,False,False,False,True,[],[],[],[]
chrysosplenium oppositifolium|ecoflora,chrysosplenium oppositifolium,ecoflora,corolla colour,0,0,0,0,0,False,False,False,True,[],[],[],[]
chrysosplenium oppositifolium|ecoflora,chrysosplenium oppositifolium,ecoflora,corolla tube min. length [cm],0,0,0,0,0,False,False,False,True,[],[],[],[]
chrysosplenium oppositifolium|ecoflora,chrysosplenium oppositifolium,ecoflora,corolla tube max. length [cm],0,0,0,0,0,False,False,False,True,[],[],[],[]
chrysosplenium oppositifolium|ecoflora,chrysosplenium oppositifolium,ecoflora,corolla tube lipped,0,0,0,0,0,False,False,False,True,[],[],[],[]
chrysosplenium oppositifolium|ecoflora,chrysosplenium oppositifolium,ecoflora,labellum colour,0,0,0,0,0,False,False,False,True,[],[],[],[]
chrysosplenium oppositifolium|ecoflora,chrysosplenium oppositifolium,ecoflora,labellum min. width [cm],0,0,0,0,0,False,False,False,True,[],[],[],[]
chrysosplenium oppositifolium|ecoflora,chrysosplenium oppositifolium,ecoflora,labellum max. width [cm],0,0,0,0,0,False,False,False,True,[],[],[],[]
chrysosplenium oppositifolium|ecoflora,chrysosplenium oppositifolium,ecoflora,spur min. length [cm],0,0,0,0,0,False,False,False,True,[],[],[],[]
chrysosplenium oppositifolium|ecoflora,chrysosplenium oppositifolium,ecoflora,spur max. length [cm],0,0,0,0,0,False,False,False,True,[],[],[],[]
chrysosplenium oppositifolium|ecoflora,chrysosplenium oppositifolium,ecoflora,reproduction architecture,0,0,0,0,0,False,False,False,True,[],[],[],[]
chrysosplenium oppositifolium|ecoflora,chrysosplenium oppositifolium,ecoflora,reproduction system,0,0,0,0,0,False,False,False,True,[],[],[],[]
chrysosplenium oppositifolium|ecoflora,chrysosplenium oppositifolium,ecoflora,stamen number,0,0,0,0,0,False,False,False,True,[],[],[],[]
chrysosplenium oppositifolium|ecoflora,chrysosplenium oppositifolium,ecoflora,stamen arrangement,0,0,0,0,0,False,False,False,True,[],[],[],[]
chrysosplenium oppositifolium|ecoflora,chrysosplenium oppositifolium,ecoflora,stamenoid number,0,0,0,0,0,False,False,False,True,[],[],[],[]
chrysosplenium oppositifolium|ecoflora,chrysosplenium oppositifolium,ecoflora,stamen min. length [cm],0,0,0,0,0,False,False,False,True,[],[],[],[]
chrysosplenium oppositifolium|ecoflora,chrysosplenium oppositifolium,ecoflora,stamen max. length [cm],0,0,0,0,0,False,False,False,True,[],[],[],[]
chrysosplenium oppositifolium|ecoflora,chrysosplenium oppositifolium,ecoflora,staminodium,0,0,0,0,0,False,False,False,True,[],[],[],[]
chrysosplenium oppositifolium|ecoflora,chrysosplenium oppositifolium,ecoflora,pollen colour,0,0,0,0,0,False,False,False,True,[],[],[],[]
chrysosplenium oppositifolium|ecoflora,chrysosplenium oppositifolium,ecoflora,carpel/ovary number,0,0,0,0,0,False,False,False,True,[],[],[],[]
chrysosplenium oppositifolium|ecoflora,chrysosplenium oppositifolium,ecoflora,gynoecium arrangement,0,0,0,0,0,False,False,False,True,[],[],[],[]
chrysosplenium oppositifolium|ecoflora,chrysosplenium oppositifolium,ecoflora,heterostyly,0,0,0,0,0,False,False,False,True,[],[],[],[]
chrysosplenium oppositifolium|ecoflora,chrysosplenium oppositifolium,ecoflora,pollination,0,0,0,0,0,False,False,False,True,[],[],[],[]
chrysosplenium oppositifolium|ecoflora,chrysosplenium oppositifolium,ecoflora,reward,0,0,0,0,0,False,False,False,True,[],[],[],[]
chrysosplenium oppositifolium|ecoflora,chrysosplenium oppositifolium,ecoflora,fruit type,0,0,0,0,0,False,False,False,True,[],[],[],[]
chrysosplenium oppositifolium|ecoflora,chrysosplenium oppositifolium,ecoflora,fruit structure,0,0,0,0,0,False,False,False,True,[],[],[],[]
chrysosplenium oppositifolium|ecoflora,chrysosplenium oppositifolium,ecoflora,fruit dehiscence,0,0,0,0,0,False,False,False,True,[],[],[],[]
chrysosplenium oppositifolium|ecoflora,chrysosplenium oppositifolium,ecoflora,fruit shape,0,0,0,0,0,False,False,False,True,[],[],[],[]
chrysosplenium oppositifolium|ecoflora,chrysosplenium oppositifolium,ecoflora,fruit colour,0,0,0,0,0,False,False,False,True,[],[],[],[]
chrysosplenium oppositifolium|ecoflora,chrysosplenium oppositifolium,ecoflora,seed colour,0,0,0,0,0,False,False,False,True,[],[],[],[]
chrysosplenium oppositifolium|ecoflora,chrysosplenium oppositifolium,ecoflora,seeds per fruit min,0,0,0,0,0,False,False,False,True,[],[],[],[]
chrysosplenium oppositifolium|ecoflora,chrysosplenium oppositifolium,ecoflora,seeds per fruit max,0,0,0,0,0,False,False,False,True,[],[],[],[]
chrysosplenium oppositifolium|ecoflora,chrysosplenium oppositifolium,ecoflora,seeds per fruit min.,0,0,0,0,0,False,False,False,True,[],[],[],[]
chrysosplenium oppositifolium|ecoflora,chrysosplenium oppositifolium,ecoflora,seed min. width [mm],0,0,0,0,0,False,False,False,True,[],[],[],[]
chrysosplenium oppositifolium|ecoflora,chrysosplenium oppositifolium,ecoflora,seed max. width [mm],0,0,0,0,0,False,False,False,True,[],[],[],[]
chrysosplenium oppositifolium|ecoflora,chrysosplenium oppositifolium,ecoflora,seed min. length [mm],0,0,0,0,0,False,False,False,True,[],[],[],[]
chrysosplenium oppositifolium|ecoflora,chrysosplenium oppositifolium,ecoflora,seed max. length [mm],0,0,0,0,0,False,False,False,True,[],[],[],[]
chrysosplenium oppositifolium|ecoflora,chrysosplenium oppositifolium,ecoflora,seed min. diameter [mm],0,0,0,0,0,False,False,False,True,[],[],[],[]
chrysosplenium oppositifolium|ecoflora,chrysosplenium oppositifolium,ecoflora,seed max. diameter [mm],0,0,0,0,0,False,False,False,True,[],[],[],[]
chrysosplenium oppositifolium|ecoflora,chrysosplenium oppositifolium,ecoflora,dispersal mode,0,0,0,0,0,False,False,False,True,[],[],[],[]
chrysosplenium oppositifolium|ecoflora,chrysosplenium oppositifolium,ecoflora,ploidy level (2n),0,0,0,0,0,False,False,False,True,[],[],[],[]
chrysosplenium oppositifolium|ecoflora,chrysosplenium oppositifolium,ecoflora,root min. depth [cm],0,0,0,0,0,False,False,False,True,[],[],[],[]
chrysosplenium oppositifolium|ecoflora,chrysosplenium oppositifolium,ecoflora,root max. depth [cm],0,0,0,0,0,False,False,False,True,[],[],[],[]
cornus suecica|efloras.flora_of_north_america,cornus suecica,efloras.flora_of_north_america,life form,1,0,0,1,1,True,True,True,True,"[""perennial""]","[""perennial""]",[],[]
cornus suecica|efloras.flora_of_north_america,cornus suecica,efloras.flora_of_north_america,habitat,1,0,0,1,1,True,True,True,True,"[""terrestrial""]","[""terrestrial""]",[],[]
cornus suecica|efloras.flora_of_north_america,cornus suecica,efloras.flora_of_north_america,habit,1,0,0,1,1,True,True,True,True,"[""erect leafy""]","[""erect leafy""]",[],[]
cornus suecica|efloras.flora_of_north_america,cornus suecica,efloras.flora_of_north_america,clonality,1,0,0,1,1,True,True,True,True,"[""solitary plant""]","[""solitary plant""]",[],[]
cornus suecica|efloras.flora_of_north_america,cornus suecica,efloras.flora_of_north_america,perennial organ,1,0,0,1,1,True,True,True,True,"[""stem""]","[""stem""]",[],[]
cornus suecica|efloras.flora_of_north_america,cornus suecica,efloras.flora_of_north_america,plant min. height [m],0,0,1,1,0,True,False,True,False,"[""0.05""]",[],[],"[""0.05""]"
cornus suecica|efloras.flora_of_north_america,cornus suecica,efloras.flora_of_north_america,plant max. height [m],0,0,1,1,0,True,False,True,False,"[""0.22""]",[],[],"[""0.22""]"
cornus suecica|efloras.flora_of_north_america,cornus suecica,efloras.flora_of_north_america,indumentum,1,0,1,2,1,True,True,True,False,"[""glandular"", ""hairy""]","[""hairy""]",[],"[""glandular""]"
cornus suecica|efloras.flora_of_north_america,cornus suecica,efloras.flora_of_north_america,spinescence,0,0,0,0,0,False,False,False,True,[],[],[],[]
cornus suecica|efloras.flora_of_north_america,cornus suecica,efloras.flora_of_north_america,succulence,0,0,0,0,0,False,False,False,True,[],[],[],[]
cornus suecica|efloras.flora_of_north_america,cornus suecica,efloras.flora_of_north_america,leaf arrangement,0,0,0,0,0,False,False,False,True,[],[],[],[]
cornus suecica|efloras.flora_of_north_america,cornus suecica,efloras.flora_of_north_america,leaf architecture,1,1,0,1,2,True,True,True,False,"[""scale""]","[""appressed"", ""scale""]","[""appressed""]",[]
cornus suecica|efloras.flora_of_north_america,cornus suecica,efloras.flora_of_north_america,leaf position,1,0,0,1,1,True,True,True,True,"[""opposite""]","[""opposite""]",[],[]
cornus suecica|efloras.flora_of_north_america,cornus suecica,efloras.flora_of_north_america,leaf shape,1,0,0,1,1,True,True,True,True,"[""ovate""]","[""ovate""]",[],[]
cornus suecica|efloras.flora_of_north_america,cornus suecica,efloras.flora_of_north_america,leaf apex,2,0,0,2,2,True,True,True,True,"[""acute"", ""obtuse""]","[""acute"", ""obtuse""]",[],[]
cornus suecica|efloras.flora_of_north_america,cornus suecica,efloras.flora_of_north_america,leaf base,0,0,0,0,0,False,False,False,True,[],[],[],[]
cornus suecica|efloras.flora_of_north_america,cornus suecica,efloras.flora_of_north_america,leaf margin,0,0,0,0,0,False,False,False,True,[],[],[],[]
cornus suecica|efloras.flora_of_north_america,cornus suecica,efloras.flora_of_north_america,leaf min. width [cm],1,0,0,1,1,True,True,True,True,"[""0.7""]","[""0.7""]",[],[]
cornus suecica|efloras.flora_of_north_america,cornus suecica,efloras.flora_of_north_america,leaf max. width [cm],1,0,0,1,1,True,True,True,True,"[""2.8""]","[""2.8""]",[],[]
cornus suecica|efloras.flora_of_north_america,cornus suecica,efloras.flora_of_north_america,leaf min. length [cm],1,0,0,1,1,True,True,True,True,"[""1.3""]","[""1.3""]",[],[]
cornus suecica|efloras.flora_of_north_america,cornus suecica,efloras.flora_of_north_america,leaf max. length [cm],1,0,0,1,1,True,True,True,True,"[""4.0""]","[""4.0""]",[],[]
cornus suecica|efloras.flora_of_north_america,cornus suecica,efloras.flora_of_north_america,bract colour,0,2,0,0,2,False,True,True,False,[],"[""purple"", ""white""]","[""purple"", ""white""]",[]
cornus suecica|efloras.flora_of_north_america,cornus suecica,efloras.flora_of_north_america,bracteole colour,0,0,0,0,0,False,False,False,True,[],[],[],[]
cornus suecica|efloras.flora_of_north_america,cornus suecica,efloras.flora_of_north_america,inflorescence arrangement,0,0,0,0,0,False,False,False,True,[],[],[],[]
cornus suecica|efloras.flora_of_north_america,cornus suecica,efloras.flora_of_north_america,inflorescence orientation,0,0,0,0,0,False,False,False,True,[],[],[],[]
cornus suecica|efloras.flora_of_north_america,cornus suecica,efloras.flora_of_north_america,flower sex,0,0,0,0,0,False,False,False,True,[],[],[],[]
cornus suecica|efloras.flora_of_north_america,cornus suecica,efloras.flora_of_north_america,flower architecture,0,0,0,0,0,False,False,False,True,[],[],[],[]
cornus suecica|efloras.flora_of_north_america,cornus suecica,efloras.flora_of_north_america,flower merosity,0,0,0,0,0,False,False,False,True,[],[],[],[]
cornus suecica|efloras.flora_of_north_america,cornus suecica,efloras.flora_of_north_america,flower symmetry,0,0,0,0,0,False,False,False,True,[],[],[],[]
cornus suecica|efloras.flora_of_north_america,cornus suecica,efloras.flora_of_north_america,flower shape,0,0,0,0,0,False,False,False,True,[],[],[],[]
cornus suecica|efloras.flora_of_north_america,cornus suecica,efloras.flora_of_north_america,flower colour,1,0,0,1,1,True,True,True,True,"[""purple""]","[""purple""]",[],[]
cornus suecica|efloras.flora_of_north_america,cornus suecica,efloras.flora_of_north_america,flower orientation,0,0,0,0,0,False,False,False,True,[],[],[],[]
cornus suecica|efloras.flora_of_north_america,cornus suecica,efloras.flora_of_north_america,petal fusion,0,0,0,0,0,False,False,False,True,[],[],[],[]
cornus suecica|efloras.flora_of_north_america,cornus suecica,efloras.flora_of_north_america,petal colour,1,0,0,1,1,True,True,True,True,"[""purple""]","[""purple""]",[],[]
cornus suecica|efloras.flora_of_north_america,cornus suecica,efloras.flora_of_north_america,petal min. width [cm],0,0,0,0,0,False,False,False,True,[],[],[],[]
cornus suecica|efloras.flora_of_north_america,cornus suecica,efloras.flora_of_north_america,petal max. width [cm],0,0,0,0,0,False,False,False,True,[],[],[],[]
cornus suecica|efloras.flora_of_north_america,cornus suecica,efloras.flora_of_north_america,calyx colour,0,0,0,0,0,False,False,False,True,[],[],[],[]
cornus suecica|efloras.flora_of_north_america,cornus suecica,efloras.flora_of_north_america,calyx min. length [cm],0,0,0,0,0,False,False,False,True,[],[],[],[]
cornus suecica|efloras.flora_of_north_america,cornus suecica,efloras.flora_of_north_america,calyx max. length [cm],0,0,0,0,0,False,False,False,True,[],[],[],[]
cornus suecica|efloras.flora_of_north_america,cornus suecica,efloras.flora_of_north_america,corolla colour,0,0,0,0,0,False,False,False,True,[],[],[],[]
cornus suecica|efloras.flora_of_north_america,cornus suecica,efloras.flora_of_north_america,corolla tube min. length [cm],0,0,1,1,0,True,False,True,False,"[""0.12""]",[],[],"[""0.12""]"
cornus suecica|efloras.flora_of_north_america,cornus suecica,efloras.flora_of_north_america,corolla tube max. length [cm],0,0,1,1,0,True,False,True,False,"[""0.15""]",[],[],"[""0.15""]"
cornus suecica|efloras.flora_of_north_america,cornus suecica,efloras.flora_of_north_america,corolla tube lipped,0,0,0,0,0,False,False,False,True,[],[],[],[]
cornus suecica|efloras.flora_of_north_america,cornus suecica,efloras.flora_of_north_america,labellum colour,0,0,0,0,0,False,False,False,True,[],[],[],[]
cornus suecica|efloras.flora_of_north_america,cornus suecica,efloras.flora_of_north_america,labellum min. width [cm],0,0,0,0,0,False,False,False,True,[],[],[],[]
cornus suecica|efloras.flora_of_north_america,cornus suecica,efloras.flora_of_north_america,labellum max. width [cm],0,0,0,0,0,False,False,False,True,[],[],[],[]
cornus suecica|efloras.flora_of_north_america,cornus suecica,efloras.flora_of_north_america,spur min. length [cm],0,0,0,0,0,False,False,False,True,[],[],[],[]
cornus suecica|efloras.flora_of_north_america,cornus suecica,efloras.flora_of_north_america,spur max. length [cm],0,0,0,0,0,False,False,False,True,[],[],[],[]
cornus suecica|efloras.flora_of_north_america,cornus suecica,efloras.flora_of_north_america,reproduction architecture,0,0,0,0,0,False,False,False,True,[],[],[],[]
cornus suecica|efloras.flora_of_north_america,cornus suecica,efloras.flora_of_north_america,reproduction system,0,0,0,0,0,False,False,False,True,[],[],[],[]
cornus suecica|efloras.flora_of_north_america,cornus suecica,efloras.flora_of_north_america,stamen number,0,0,1,1,0,True,False,True,False,"[""4.0""]",[],[],"[""4.0""]"
cornus suecica|efloras.flora_of_north_america,cornus suecica,efloras.flora_of_north_america,stamen arrangement,0,0,0,0,0,False,False,False,True,[],[],[],[]
cornus suecica|efloras.flora_of_north_america,cornus suecica,efloras.flora_of_north_america,stamenoid number,0,0,0,0,0,False,False,False,True,[],[],[],[]
cornus suecica|efloras.flora_of_north_america,cornus suecica,efloras.flora_of_north_america,stamen min. length [cm],0,0,0,0,0,False,False,False,True,[],[],[],[]
cornus suecica|efloras.flora_of_north_america,cornus suecica,efloras.flora_of_north_america,stamen max. length [cm],0,0,0,0,0,False,False,False,True,[],[],[],[]
cornus suecica|efloras.flora_of_north_america,cornus suecica,efloras.flora_of_north_america,staminodium,0,0,0,0,0,False,False,False,True,[],[],[],[]
cornus suecica|efloras.flora_of_north_america,cornus suecica,efloras.flora_of_north_america,pollen colour,0,0,0,0,0,False,False,False,True,[],[],[],[]
cornus suecica|efloras.flora_of_north_america,cornus suecica,efloras.flora_of_north_america,carpel/ovary number,0,0,0,0,0,False,False,False,True,[],[],[],[]
cornus suecica|efloras.flora_of_north_america,cornus suecica,efloras.flora_of_north_america,gynoecium arrangement,0,0,0,0,0,False,False,False,True,[],[],[],[]
cornus suecica|efloras.flora_of_north_america,cornus suecica,efloras.flora_of_north_america,heterostyly,0,0,0,0,0,False,False,False,True,[],[],[],[]
cornus suecica|efloras.flora_of_north_america,cornus suecica,efloras.flora_of_north_america,pollination,0,0,0,0,0,False,False,False,True,[],[],[],[]
cornus suecica|efloras.flora_of_north_america,cornus suecica,efloras.flora_of_north_america,reward,0,0,0,0,0,False,False,False,True,[],[],[],[]
cornus suecica|efloras.flora_of_north_america,cornus suecica,efloras.flora_of_north_america,fruit type,1,0,0,1,1,True,True,True,True,"[""drupe""]","[""drupe""]",[],[]
cornus suecica|efloras.flora_of_north_america,cornus suecica,efloras.flora_of_north_america,fruit structure,1,0,0,1,1,True,True,True,True,"[""fleshy""]","[""fleshy""]",[],[]
cornus suecica|efloras.flora_of_north_america,cornus suecica,efloras.flora_of_north_america,fruit dehiscence,1,0,0,1,1,True,True,True,True,"[""indehiscent""]","[""indehiscent""]",[],[]
cornus suecica|efloras.flora_of_north_america,cornus suecica,efloras.flora_of_north_america,fruit shape,1,0,0,1,1,True,True,True,True,"[""globose""]","[""globose""]",[],[]
cornus suecica|efloras.flora_of_north_america,cornus suecica,efloras.flora_of_north_america,fruit colour,1,0,0,1,1,True,True,True,True,"[""red""]","[""red""]",[],[]
cornus suecica|efloras.flora_of_north_america,cornus suecica,efloras.flora_of_north_america,seed colour,0,0,0,0,0,False,False,False,True,[],[],[],[]
cornus suecica|efloras.flora_of_north_america,cornus suecica,efloras.flora_of_north_america,seeds per fruit min,0,0,0,0,0,False,False,False,True,[],[],[],[]
cornus suecica|efloras.flora_of_north_america,cornus suecica,efloras.flora_of_north_america,seeds per fruit max,0,0,0,0,0,False,False,False,True,[],[],[],[]
cornus suecica|efloras.flora_of_north_america,cornus suecica,efloras.flora_of_north_america,seeds per fruit min.,0,0,0,0,0,False,False,False,True,[],[],[],[]
cornus suecica|efloras.flora_of_north_america,cornus suecica,efloras.flora_of_north_america,seed min. width [mm],0,0,0,0,0,False,False,False,True,[],[],[],[]
cornus suecica|efloras.flora_of_north_america,cornus suecica,efloras.flora_of_north_america,seed max. width [mm],0,0,0,0,0,False,False,False,True,[],[],[],[]
cornus suecica|efloras.flora_of_north_america,cornus suecica,efloras.flora_of_north_america,seed min. length [mm],0,0,0,0,0,False,False,False,True,[],[],[],[]
cornus suecica|efloras.flora_of_north_america,cornus suecica,efloras.flora_of_north_america,seed max. length [mm],0,0,0,0,0,False,False,False,True,[],[],[],[]
cornus suecica|efloras.flora_of_north_america,cornus suecica,efloras.flora_of_north_america,seed min. diameter [mm],0,0,0,0,0,False,False,False,True,[],[],[],[]
cornus suecica|efloras.flora_of_north_america,cornus suecica,efloras.flora_of_north_america,seed max. diameter [mm],0,0,0,0,0,False,False,False,True,[],[],[],[]
cornus suecica|efloras.flora_of_north_america,cornus suecica,efloras.flora_of_north_america,dispersal mode,1,0,0,1,1,True,True,True,True,"[""ectozoochory""]","[""ectozoochory""]",[],[]
cornus suecica|efloras.flora_of_north_america,cornus suecica,efloras.flora_of_north_america,ploidy level (2n),1,0,0,1,1,True,True,True,True,"[""22""]","[""22""]",[],[]
cornus suecica|efloras.flora_of_north_america,cornus suecica,efloras.flora_of_north_america,root min. depth [cm],0,0,0,0,0,False,False,False,True,[],[],[],[]
cornus suecica|efloras.flora_of_north_america,cornus suecica,efloras.flora_of_north_america,root max. depth [cm],0,0,0,0,0,False,False,False,True,[],[],[],[]
dactylorhiza maculata|ecoflora,dactylorhiza maculata,ecoflora,life form,1,0,0,1,1,True,True,True,True,"[""perennial""]","[""perennial""]",[],[]
dactylorhiza maculata|ecoflora,dactylorhiza maculata,ecoflora,habitat,1,0,0,1,1,True,True,True,True,"[""terrestrial""]","[""terrestrial""]",[],[]
dactylorhiza maculata|ecoflora,dactylorhiza maculata,ecoflora,habit,2,0,0,2,2,True,True,True,True,"[""erect leafy"", ""herb""]","[""erect leafy"", ""herb""]",[],[]
dactylorhiza maculata|ecoflora,dactylorhiza maculata,ecoflora,clonality,2,0,0,2,2,True,True,True,True,"[""solitary plant"", ""tuber""]","[""solitary plant"", ""tuber""]",[],[]
dactylorhiza maculata|ecoflora,dactylorhiza maculata,ecoflora,perennial organ,2,0,0,2,2,True,True,True,True,"[""stem"", ""tuber""]","[""stem"", ""tuber""]",[],[]
dactylorhiza maculata|ecoflora,dactylorhiza maculata,ecoflora,plant min. height [m],0,0,0,0,0,False,False,False,True,[],[],[],[]
dactylorhiza maculata|ecoflora,dactylorhiza maculata,ecoflora,plant max. height [m],0,0,0,0,0,False,False,False,True,[],[],[],[]
dactylorhiza maculata|ecoflora,dactylorhiza maculata,ecoflora,indumentum,0,0,0,0,0,False,False,False,True,[],[],[],[]
dactylorhiza maculata|ecoflora,dactylorhiza maculata,ecoflora,spinescence,0,0,0,0,0,False,False,False,True,[],[],[],[]
dactylorhiza maculata|ecoflora,dactylorhiza maculata,ecoflora,succulence,0,0,0,0,0,False,False,False,True,[],[],[],[]
dactylorhiza maculata|ecoflora,dactylorhiza maculata,ecoflora,leaf arrangement,0,0,0,0,0,False,False,False,True,[],[],[],[]
dactylorhiza maculata|ecoflora,dactylorhiza maculata,ecoflora,leaf architecture,1,0,0,1,1,True,True,True,True,"[""flat""]","[""flat""]",[],[]
dactylorhiza maculata|ecoflora,dactylorhiza maculata,ecoflora,leaf position,0,0,0,0,0,False,False,False,True,[],[],[],[]
dactylorhiza maculata|ecoflora,dactylorhiza maculata,ecoflora,leaf shape,3,1,0,3,4,True,True,True,False,"[""lanceolate"", ""linear"", ""oblong""]","[""lanceolate"", ""linear"", ""oblong"", ""orbicular""]","[""orbicular""]",[]
dactylorhiza maculata|ecoflora,dactylorhiza maculata,ecoflora,leaf apex,2,1,0,2,3,True,True,True,False,"[""acute"", ""attenuate""]","[""acute"", ""attenuate"", ""lanceolate""]","[""lanceolate""]",[]
dactylorhiza maculata|ecoflora,dactylorhiza maculata,ecoflora,leaf base,0,0,0,0,0,False,False,False,True,[],[],[],[]
dactylorhiza maculata|ecoflora,dactylorhiza maculata,ecoflora,leaf margin,0,0,0,0,0,False,False,False,True,[],[],[],[]
dactylorhiza maculata|ecoflora,dactylorhiza maculata,ecoflora,leaf min. width [cm],1,0,0,1,1,True,True,True,True,"[""2.0""]","[""2.0""]",[],[]
dactylorhiza maculata|ecoflora,dactylorhiza maculata,ecoflora,leaf max. width [cm],1,0,0,1,1,True,True,True,True,"[""2.5""]","[""2.5""]",[],[]
dactylorhiza maculata|ecoflora,dactylorhiza maculata,ecoflora,leaf min. length [cm],0,0,0,0,0,False,False,False,True,[],[],[],[]
dactylorhiza maculata|ecoflora,dactylorhiza maculata,ecoflora,leaf max. length [cm],0,0,0,0,0,False,False,False,True,[],[],[],[]
dactylorhiza maculata|ecoflora,dactylorhiza maculata,ecoflora,bract colour,0,0,0,0,0,False,False,False,True,[],[],[],[]
dactylorhiza maculata|ecoflora,dactylorhiza maculata,ecoflora,bracteole colour,0,0,0,0,0,False,False,False,True,[],[],[],[]
dactylorhiza maculata|ecoflora,dactylorhiza maculata,ecoflora,inflorescence arrangement,1,0,0,1,1,True,True,True,True,"[""spike""]","[""spike""]",[],[]
dactylorhiza maculata|ecoflora,dactylorhiza maculata,ecoflora,inflorescence orientation,0,0,0,0,0,False,False,False,True,[],[],[],[]
dactylorhiza maculata|ecoflora,dactylorhiza maculata,ecoflora,flower sex,0,0,0,0,0,False,False,False,True,[],[],[],[]
dactylorhiza maculata|ecoflora,dactylorhiza maculata,ecoflora,flower architecture,0,0,0,0,0,False,False,False,True,[],[],[],[]
dactylorhiza maculata|ecoflora,dactylorhiza maculata,ecoflora,flower merosity,0,0,0,0,0,False,False,False,True,[],[],[],[]
dactylorhiza maculata|ecoflora,dactylorhiza maculata,ecoflora,flower symmetry,0,0,0,0,0,False,False,False,True,[],[],[],[]
dactylorhiza maculata|ecoflora,dactylorhiza maculata,ecoflora,flower shape,0,0,0,0,0,False,False,False,True,[],[],[],[]
dactylorhiza maculata|ecoflora,dactylorhiza maculata,ecoflora,flower colour,0,0,0,0,0,False,False,False,True,[],[],[],[]
dactylorhiza maculata|ecoflora,dactylorhiza maculata,ecoflora,flower orientation,0,0,0,0,0,False,False,False,True,[],[],[],[]
dactylorhiza maculata|ecoflora,dactylorhiza maculata,ecoflora,petal fusion,0,0,0,0,0,False,False,False,True,[],[],[],[]
dactylorhiza maculata|ecoflora,dactylorhiza maculata,ecoflora,petal colour,0,0,0,0,0,False,False,False,True,[],[],[],[]
dactylorhiza maculata|ecoflora,dactylorhiza maculata,ecoflora,petal min. width [cm],0,0,0,0,0,False,False,False,True,[],[],[],[]
dactylorhiza maculata|ecoflora,dactylorhiza maculata,ecoflora,petal max. width [cm],0,0,0,0,0,False,False,False,True,[],[],[],[]
dactylorhiza maculata|ecoflora,dactylorhiza maculata,ecoflora,calyx colour,0,0,0,0,0,False,False,False,True,[],[],[],[]
dactylorhiza maculata|ecoflora,dactylorhiza maculata,ecoflora,calyx min. length [cm],0,0,0,0,0,False,False,False,True,[],[],[],[]
dactylorhiza maculata|ecoflora,dactylorhiza maculata,ecoflora,calyx max. length [cm],0,0,0,0,0,False,False,False,True,[],[],[],[]
dactylorhiza maculata|ecoflora,dactylorhiza maculata,ecoflora,corolla colour,0,0,0,0,0,False,False,False,True,[],[],[],[]
dactylorhiza maculata|ecoflora,dactylorhiza maculata,ecoflora,corolla tube min. length [cm],0,0,0,0,0,False,False,False,True,[],[],[],[]
dactylorhiza maculata|ecoflora,dactylorhiza maculata,ecoflora,corolla tube max. length [cm],0,0,0,0,0,False,False,False,True,[],[],[],[]
dactylorhiza maculata|ecoflora,dactylorhiza maculata,ecoflora,corolla tube lipped,0,0,0,0,0,False,False,False,True,[],[],[],[]
dactylorhiza maculata|ecoflora,dactylorhiza maculata,ecoflora,labellum colour,0,0,0,0,0,False,False,False,True,[],[],[],[]
dactylorhiza maculata|ecoflora,dactylorhiza maculata,ecoflora,labellum min. width [cm],0,0,0,0,0,False,False,False,True,[],[],[],[]
dactylorhiza maculata|ecoflora,dactylorhiza maculata,ecoflora,labellum max. width [cm],0,0,0,0,0,False,False,False,True,[],[],[],[]
dactylorhiza maculata|ecoflora,dactylorhiza maculata,ecoflora,spur min. length [cm],1,0,0,1,1,True,True,True,True,"[""0.5""]","[""0.5""]",[],[]
dactylorhiza maculata|ecoflora,dactylorhiza maculata,ecoflora,spur max. length [cm],1,0,0,1,1,True,True,True,True,"[""0.8""]","[""0.8""]",[],[]
dactylorhiza maculata|ecoflora,dactylorhiza maculata,ecoflora,reproduction architecture,0,0,0,0,0,False,False,False,True,[],[],[],[]
dactylorhiza maculata|ecoflora,dactylorhiza maculata,ecoflora,reproduction system,0,0,0,0,0,False,False,False,True,[],[],[],[]
dactylorhiza maculata|ecoflora,dactylorhiza maculata,ecoflora,stamen number,0,0,0,0,0,False,False,False,True,[],[],[],[]
dactylorhiza maculata|ecoflora,dactylorhiza maculata,ecoflora,stamen arrangement,0,0,0,0,0,False,False,False,True,[],[],[],[]
dactylorhiza maculata|ecoflora,dactylorhiza maculata,ecoflora,stamenoid number,0,0,0,0,0,False,False,False,True,[],[],[],[]
dactylorhiza maculata|ecoflora,dactylorhiza maculata,ecoflora,stamen min. length [cm],0,0,0,0,0,False,False,False,True,[],[],[],[]
dactylorhiza maculata|ecoflora,dactylorhiza maculata,ecoflora,stamen max. length [cm],0,0,0,0,0,False,False,False,True,[],[],[],[]
dactylorhiza maculata|ecoflora,dactylorhiza maculata,ecoflora,staminodium,0,0,0,0,0,False,False,False,True,[],[],[],[]
dactylorhiza maculata|ecoflora,dactylorhiza maculata,ecoflora,pollen colour,0,0,0,0,0,False,False,False,True,[],[],[],[]
dactylorhiza maculata|ecoflora,dactylorhiza maculata,ecoflora,carpel/ovary number,0,0,0,0,0,False,False,False,True,[],[],[],[]
dactylorhiza maculata|ecoflora,dactylorhiza maculata,ecoflora,gynoecium arrangement,0,0,0,0,0,False,False,False,True,[],[],[],[]
dactylorhiza maculata|ecoflora,dactylorhiza maculata,ecoflora,heterostyly,0,0,0,0,0,False,False,False,True,[],[],[],[]
dactylorhiza maculata|ecoflora,dactylorhiza maculata,ecoflora,pollination,0,0,0,0,0,False,False,False,True,[],[],[],[]
dactylorhiza maculata|ecoflora,dactylorhiza maculata,ecoflora,reward,0,0,0,0,0,False,False,False,True,[],[],[],[]
dactylorhiza maculata|ecoflora,dactylorhiza maculata,ecoflora,fruit type,0,0,0,0,0,False,False,False,True,[],[],[],[]
dactylorhiza maculata|ecoflora,dactylorhiza maculata,ecoflora,fruit structure,0,0,0,0,0,False,False,False,True,[],[],[],[]
dactylorhiza maculata|ecoflora,dactylorhiza maculata,ecoflora,fruit dehiscence,0,0,0,0,0,False,False,False,True,[],[],[],[]
dactylorhiza maculata|ecoflora,dactylorhiza maculata,ecoflora,fruit shape,0,0,0,0,0,False,False,False,True,[],[],[],[]
dactylorhiza maculata|ecoflora,dactylorhiza maculata,ecoflora,fruit colour,0,0,0,0,0,False,False,False,True,[],[],[],[]
dactylorhiza maculata|ecoflora,dactylorhiza maculata,ecoflora,seed colour,0,0,0,0,0,False,False,False,True,[],[],[],[]
dactylorhiza maculata|ecoflora,dactylorhiza maculata,ecoflora,seeds per fruit min,0,0,0,0,0,False,False,False,True,[],[],[],[]
dactylorhiza maculata|ecoflora,dactylorhiza maculata,ecoflora,seeds per fruit max,0,0,0,0,0,False,False,False,True,[],[],[],[]
dactylorhiza maculata|ecoflora,dactylorhiza maculata,ecoflora,seeds per fruit min.,0,0,0,0,0,False,False,False,True,[],[],[],[]
dactylorhiza maculata|ecoflora,dactylorhiza maculata,ecoflora,seed min. width [mm],0,0,0,0,0,False,False,False,True,[],[],[],[]
dactylorhiza maculata|ecoflora,dactylorhiza maculata,ecoflora,seed max. width [mm],0,0,0,0,0,False,False,False,True,[],[],[],[]
dactylorhiza maculata|ecoflora,dactylorhiza maculata,ecoflora,seed min. length [mm],0,0,0,0,0,False,False,False,True,[],[],[],[]
dactylorhiza maculata|ecoflora,dactylorhiza maculata,ecoflora,seed max. length [mm],0,0,0,0,0,False,False,False,True,[],[],[],[]
dactylorhiza maculata|ecoflora,dactylorhiza maculata,ecoflora,seed min. diameter [mm],0,0,0,0,0,False,False,False,True,[],[],[],[]
dactylorhiza maculata|ecoflora,dactylorhiza maculata,ecoflora,seed max. diameter [mm],0,0,0,0,0,False,False,False,True,[],[],[],[]
dactylorhiza maculata|ecoflora,dactylorhiza maculata,ecoflora,dispersal mode,0,0,0,0,0,False,False,False,True,[],[],[],[]
dactylorhiza maculata|ecoflora,dactylorhiza maculata,ecoflora,ploidy level (2n),0,0,0,0,0,False,False,False,True,[],[],[],[]
dactylorhiza maculata|ecoflora,dactylorhiza maculata,ecoflora,root min. depth [cm],0,0,0,0,0,False,False,False,True,[],[],[],[]
dactylorhiza maculata|ecoflora,dactylorhiza maculata,ecoflora,root max. depth [cm],0,0,0,0,0,False,False,False,True,[],[],[],[]
digitalis purpurea|efloras.flora_of_china,digitalis purpurea,efloras.flora_of_china,life form,2,0,0,2,2,True,True,True,True,"[""annual"", ""perennial""]","[""annual"", ""perennial""]",[],[]
digitalis purpurea|efloras.flora_of_china,digitalis purpurea,efloras.flora_of_china,habitat,1,0,0,1,1,True,True,True,True,"[""terrestrial""]","[""terrestrial""]",[],[]
digitalis purpurea|efloras.flora_of_china,digitalis purpurea,efloras.flora_of_china,habit,1,0,0,1,1,True,True,True,True,"[""erect leafy""]","[""erect leafy""]",[],[]
digitalis purpurea|efloras.flora_of_china,digitalis purpurea,efloras.flora_of_china,clonality,1,0,0,1,1,True,True,True,True,"[""solitary plant""]","[""solitary plant""]",[],[]
digitalis purpurea|efloras.flora_of_china,digitalis purpurea,efloras.flora_of_china,perennial organ,1,0,0,1,1,True,True,True,True,"[""stem""]","[""stem""]",[],[]
digitalis purpurea|efloras.flora_of_china,digitalis purpurea,efloras.flora_of_china,plant min. height [m],1,0,0,1,1,True,True,True,True,"[""0.6""]","[""0.6""]",[],[]
digitalis purpurea|efloras.flora_of_china,digitalis purpurea,efloras.flora_of_china,plant max. height [m],1,0,0,1,1,True,True,True,True,"[""1.2""]","[""1.2""]",[],[]
digitalis purpurea|efloras.flora_of_china,digitalis purpurea,efloras.flora_of_china,indumentum,0,0,3,3,0,True,False,True,False,"[""glandular"", ""hairy"", ""pubescent""]",[],[],"[""glandular"", ""hairy"", ""pubescent""]"
digitalis purpurea|efloras.flora_of_china,digitalis purpurea,efloras.flora_of_china,spinescence,0,0,0,0,0,False,False,False,True,[],[],[],[]
digitalis purpurea|efloras.flora_of_china,digitalis purpurea,efloras.flora_of_china,succulence,0,0,0,0,0,False,False,False,True,[],[],[],[]
digitalis purpurea|efloras.flora_of_china,digitalis purpurea,efloras.flora_of_china,leaf arrangement,0,0,0,0,0,False,False,False,True,[],[],[],[]
digitalis purpurea|efloras.flora_of_china,digitalis purpurea,efloras.flora_of_china,leaf architecture,0,0,0,0,0,False,False,False,True,[],[],[],[]
digitalis purpurea|efloras.flora_of_china,digitalis purpurea,efloras.flora_of_china,leaf position,0,0,1,1,0,True,False,True,False,"[""rosette""]",[],[],"[""rosette""]"
digitalis purpurea|efloras.flora_of_china,digitalis purpurea,efloras.flora_of_china,leaf shape,2,0,0,2,2,True,True,True,True,"[""elliptic"", ""ovate""]","[""elliptic"", ""ovate""]",[],[]
digitalis purpurea|efloras.flora_of_china,digitalis purpurea,efloras.flora_of_china,leaf apex,2,0,0,2,2,True,True,True,True,"[""acuminate"", ""obtuse""]","[""acuminate"", ""obtuse""]",[],[]
digitalis purpurea|efloras.flora_of_china,digitalis purpurea,efloras.flora_of_china,leaf base,0,0,0,0,0,False,False,False,True,[],[],[],[]
digitalis purpurea|efloras.flora_of_china,digitalis purpurea,efloras.flora_of_china,leaf margin,2,0,0,2,2,True,True,True,True,"[""crenate"", ""serrate""]","[""crenate"", ""serrate""]",[],[]
digitalis purpurea|efloras.flora_of_china,digitalis purpurea,efloras.flora_of_china,leaf min. width [cm],0,0,0,0,0,False,False,False,True,[],[],[],[]
digitalis purpurea|efloras.flora_of_china,digitalis purpurea,efloras.flora_of_china,leaf max. width [cm],0,0,0,0,0,False,False,False,True,[],[],[],[]
digitalis purpurea|efloras.flora_of_china,digitalis purpurea,efloras.flora_of_china,leaf min. length [cm],1,0,0,1,1,True,True,True,True,"[""5.0""]","[""5.0""]",[],[]
digitalis purpurea|efloras.flora_of_china,digitalis purpurea,efloras.flora_of_china,leaf max. length [cm],1,0,0,1,1,True,True,True,True,"[""15.0""]","[""15.0""]",[],[]
digitalis purpurea|efloras.flora_of_china,digitalis purpurea,efloras.flora_of_china,bract colour,0,0,0,0,0,False,False,False,True,[],[],[],[]
digitalis purpurea|efloras.flora_of_china,digitalis purpurea,efloras.flora_of_china,bracteole colour,0,0,0,0,0,False,False,False,True,[],[],[],[]
digitalis purpurea|efloras.flora_of_china,digitalis purpurea,efloras.flora_of_china,inflorescence arrangement,0,0,0,0,0,False,False,False,True,[],[],[],[]
digitalis purpurea|efloras.flora_of_china,digitalis purpurea,efloras.flora_of_china,inflorescence orientation,0,0,0,0,0,False,False,False,True,[],[],[],[]
digitalis purpurea|efloras.flora_of_china,digitalis purpurea,efloras.flora_of_china,flower sex,0,0,0,0,0,False,False,False,True,[],[],[],[]
digitalis purpurea|efloras.flora_of_china,digitalis purpurea,efloras.flora_of_china,flower architecture,0,0,0,0,0,False,False,False,True,[],[],[],[]
digitalis purpurea|efloras.flora_of_china,digitalis purpurea,efloras.flora_of_china,flower merosity,0,0,0,0,0,False,False,False,True,[],[],[],[]
digitalis purpurea|efloras.flora_of_china,digitalis purpurea,efloras.flora_of_china,flower symmetry,0,0,0,0,0,False,False,False,True,[],[],[],[]
digitalis purpurea|efloras.flora_of_china,digitalis purpurea,efloras.flora_of_china,flower shape,0,0,0,0,0,False,False,False,True,[],[],[],[]
digitalis purpurea|efloras.flora_of_china,digitalis purpurea,efloras.flora_of_china,flower colour,0,0,0,0,0,False,False,False,True,[],[],[],[]
digitalis purpurea|efloras.flora_of_china,digitalis purpurea,efloras.flora_of_china,flower orientation,0,0,0,0,0,False,False,False,True,[],[],[],[]
digitalis purpurea|efloras.flora_of_china,digitalis purpurea,efloras.flora_of_china,petal fusion,0,0,0,0,0,False,False,False,True,[],[],[],[]
digitalis purpurea|efloras.flora_of_china,digitalis purpurea,efloras.flora_of_china,petal colour,0,0,0,0,0,False,False,False,True,[],[],[],[]
digitalis purpurea|efloras.flora_of_china,digitalis purpurea,efloras.flora_of_china,petal min. width [cm],0,0,0,0,0,False,False,False,True,[],[],[],[]
digitalis purpurea|efloras.flora_of_china,digitalis purpurea,efloras.flora_of_china,petal max. width [cm],0,0,0,0,0,False,False,False,True,[],[],[],[]
digitalis purpurea|efloras.flora_of_china,digitalis purpurea,efloras.flora_of_china,calyx colour,0,0,0,0,0,False,False,False,True,[],[],[],[]
digitalis purpurea|efloras.flora_of_china,digitalis purpurea,efloras.flora_of_china,calyx min. length [cm],1,0,0,1,1,True,True,True,True,"[""1.0""]","[""1.0""]",[],[]
digitalis purpurea|efloras.flora_of_china,digitalis purpurea,efloras.flora_of_china,calyx max. length [cm],1,0,0,1,1,True,True,True,True,"[""1.0""]","[""1.0""]",[],[]
digitalis purpurea|efloras.flora_of_china,digitalis purpurea,efloras.flora_of_china,corolla colour,3,0,0,3,3,True,True,True,True,"[""purple"", ""spotted"", ""white""]","[""purple"", ""spotted"", ""white""]",[],[]
digitalis purpurea|efloras.flora_of_china,digitalis purpurea,efloras.flora_of_china,corolla tube min. length [cm],1,0,0,1,1,True,True,True,True,"[""3.0""]","[""3.0""]",[],[]
digitalis purpurea|efloras.flora_of_china,digitalis purpurea,efloras.flora_of_china,corolla tube max. length [cm],1,0,0,1,1,True,True,True,True,"[""4.5""]","[""4.5""]",[],[]
digitalis purpurea|efloras.flora_of_china,digitalis purpurea,efloras.flora_of_china,corolla tube lipped,0,0,0,0,0,False,False,False,True,[],[],[],[]
digitalis purpurea|efloras.flora_of_china,digitalis purpurea,efloras.flora_of_china,labellum colour,0,0,0,0,0,False,False,False,True,[],[],[],[]
digitalis purpurea|efloras.flora_of_china,digitalis purpurea,efloras.flora_of_china,labellum min. width [cm],0,0,0,0,0,False,False,False,True,[],[],[],[]
digitalis purpurea|efloras.flora_of_china,digitalis purpurea,efloras.flora_of_china,labellum max. width [cm],0,0,0,0,0,False,False,False,True,[],[],[],[]
digitalis purpurea|efloras.flora_of_china,digitalis purpurea,efloras.flora_of_china,spur min. length [cm],0,0,0,0,0,False,False,False,True,[],[],[],[]
digitalis purpurea|efloras.flora_of_china,digitalis purpurea,efloras.flora_of_china,spur max. length [cm],0,0,0,0,0,False,False,False,True,[],[],[],[]
digitalis purpurea|efloras.flora_of_china,digitalis purpurea,efloras.flora_of_china,reproduction architecture,0,0,0,0,0,False,False,False,True,[],[],[],[]
digitalis purpurea|efloras.flora_of_china,digitalis purpurea,efloras.flora_of_china,reproduction system,0,0,0,0,0,False,False,False,True,[],[],[],[]
digitalis purpurea|efloras.flora_of_china,digitalis purpurea,efloras.flora_of_china,stamen number,0,0,0,0,0,False,False,False,True,[],[],[],[]
digitalis purpurea|efloras.flora_of_china,digitalis purpurea,efloras.flora_of_china,stamen arrangement,0,0,0,0,0,False,False,False,True,[],[],[],[]
digitalis purpurea|efloras.flora_of_china,digitalis purpurea,efloras.flora_of_china,stamenoid number,0,0,0,0,0,False,False,False,True,[],[],[],[]
digitalis purpurea|efloras.flora_of_china,digitalis purpurea,efloras.flora_of_china,stamen min. length [cm],0,0,0,0,0,False,False,False,True,[],[],[],[]
digitalis purpurea|efloras.flora_of_china,digitalis purpurea,efloras.flora_of_china,stamen max. length [cm],0,0,0,0,0,False,False,False,True,[],[],[],[]
digitalis purpurea|efloras.flora_of_china,digitalis purpurea,efloras.flora_of_china,staminodium,0,0,0,0,0,False,False,False,True,[],[],[],[]
digitalis purpurea|efloras.flora_of_china,digitalis purpurea,efloras.flora_of_china,pollen colour,0,0,0,0,0,False,False,False,True,[],[],[],[]
digitalis purpurea|efloras.flora_of_china,digitalis purpurea,efloras.flora_of_china,carpel/ovary number,0,0,0,0,0,False,False,False,True,[],[],[],[]
digitalis purpurea|efloras.flora_of_china,digitalis purpurea,efloras.flora_of_china,gynoecium arrangement,0,0,0,0,0,False,False,False,True,[],[],[],[]
digitalis purpurea|efloras.flora_of_china,digitalis purpurea,efloras.flora_of_china,heterostyly,0,0,0,0,0,False,False,False,True,[],[],[],[]
digitalis purpurea|efloras.flora_of_china,digitalis purpurea,efloras.flora_of_china,pollination,0,0,0,0,0,False,False,False,True,[],[],[],[]
digitalis purpurea|efloras.flora_of_china,digitalis purpurea,efloras.flora_of_china,reward,0,0,0,0,0,False,False,False,True,[],[],[],[]
digitalis purpurea|efloras.flora_of_china,digitalis purpurea,efloras.flora_of_china,fruit type,1,0,0,1,1,True,True,True,True,"[""capsule""]","[""capsule""]",[],[]
digitalis purpurea|efloras.flora_of_china,digitalis purpurea,efloras.flora_of_china,fruit structure,0,1,0,0,1,False,True,True,False,[],"[""dry""]","[""dry""]",[]
digitalis purpurea|efloras.flora_of_china,digitalis purpurea,efloras.flora_of_china,fruit dehiscence,0,1,0,0,1,False,True,True,False,[],"[""dehiscent""]","[""dehiscent""]",[]
digitalis purpurea|efloras.flora_of_china,digitalis purpurea,efloras.flora_of_china,fruit shape,0,0,0,0,0,False,False,False,True,[],[],[],[]
digitalis purpurea|efloras.flora_of_china,digitalis purpurea,efloras.flora_of_china,fruit colour,0,0,0,0,0,False,False,False,True,[],[],[],[]
digitalis purpurea|efloras.flora_of_china,digitalis purpurea,efloras.flora_of_china,seed colour,0,0,0,0,0,False,False,False,True,[],[],[],[]
digitalis purpurea|efloras.flora_of_china,digitalis purpurea,efloras.flora_of_china,seeds per fruit min,0,0,0,0,0,False,False,False,True,[],[],[],[]
digitalis purpurea|efloras.flora_of_china,digitalis purpurea,efloras.flora_of_china,seeds per fruit max,0,0,0,0,0,False,False,False,True,[],[],[],[]
digitalis purpurea|efloras.flora_of_china,digitalis purpurea,efloras.flora_of_china,seeds per fruit min.,0,0,0,0,0,False,False,False,True,[],[],[],[]
digitalis purpurea|efloras.flora_of_china,digitalis purpurea,efloras.flora_of_china,seed min. width [mm],0,0,0,0,0,False,False,False,True,[],[],[],[]
digitalis purpurea|efloras.flora_of_china,digitalis purpurea,efloras.flora_of_china,seed max. width [mm],0,0,0,0,0,False,False,False,True,[],[],[],[]
digitalis purpurea|efloras.flora_of_china,digitalis purpurea,efloras.flora_of_china,seed min. length [mm],0,0,0,0,0,False,False,False,True,[],[],[],[]
digitalis purpurea|efloras.flora_of_china,digitalis purpurea,efloras.flora_of_china,seed max. length [mm],0,0,0,0,0,False,False,False,True,[],[],[],[]
digitalis purpurea|efloras.flora_of_china,digitalis purpurea,efloras.flora_of_china,seed min. diameter [mm],0,0,0,0,0,False,False,False,True,[],[],[],[]
digitalis purpurea|efloras.flora_of_china,digitalis purpurea,efloras.flora_of_china,seed max. diameter [mm],0,0,0,0,0,False,False,False,True,[],[],[],[]
digitalis purpurea|efloras.flora_of_china,digitalis purpurea,efloras.flora_of_china,dispersal mode,0,1,0,0,1,False,True,True,False,[],"[""anemochory""]","[""anemochory""]",[]
digitalis purpurea|efloras.flora_of_china,digitalis purpurea,efloras.flora_of_china,ploidy level (2n),0,0,0,0,0,False,False,False,True,[],[],[],[]
digitalis purpurea|efloras.flora_of_china,digitalis purpurea,efloras.flora_of_china,root min. depth [cm],0,0,0,0,0,False,False,False,True,[],[],[],[]
digitalis purpurea|efloras.flora_of_china,digitalis purpurea,efloras.flora_of_china,root max. depth [cm],0,0,0,0,0,False,False,False,True,[],[],[],[]
epilobium hirsutum|ecoflora,epilobium hirsutum,ecoflora,life form,1,0,0,1,1,True,True,True,True,"[""perennial""]","[""perennial""]",[],[]
epilobium hirsutum|ecoflora,epilobium hirsutum,ecoflora,habitat,1,0,0,1,1,True,True,True,True,"[""terrestrial""]","[""terrestrial""]",[],[]
epilobium hirsutum|ecoflora,epilobium hirsutum,ecoflora,habit,2,0,0,2,2,True,True,True,True,"[""erect leafy"", ""herb""]","[""erect leafy"", ""herb""]",[],[]
epilobium hirsutum|ecoflora,epilobium hirsutum,ecoflora,clonality,2,0,0,2,2,True,True,True,True,"[""solitary plant"", ""stoloniferous""]","[""solitary plant"", ""stoloniferous""]",[],[]
epilobium hirsutum|ecoflora,epilobium hirsutum,ecoflora,perennial organ,2,0,0,2,2,True,True,True,True,"[""stem"", ""stolon""]","[""stem"", ""stolon""]",[],[]
epilobium hirsutum|ecoflora,epilobium hirsutum,ecoflora,plant min. height [m],0,0,0,0,0,False,False,False,True,[],[],[],[]
epilobium hirsutum|ecoflora,epilobium hirsutum,ecoflora,plant max. height [m],0,0,0,0,0,False,False,False,True,[],[],[],[]
epilobium hirsutum|ecoflora,epilobium hirsutum,ecoflora,indumentum,2,0,1,3,2,True,True,True,False,"[""ciliate"", ""glandular"", ""hairy""]","[""ciliate"", ""hairy""]",[],"[""glandular""]"
epilobium hirsutum|ecoflora,epilobium hirsutum,ecoflora,spinescence,0,0,0,0,0,False,False,False,True,[],[],[],[]
epilobium hirsutum|ecoflora,epilobium hirsutum,ecoflora,succulence,1,0,0,1,1,True,True,True,True,"[""fleshy""]","[""fleshy""]",[],[]
epilobium hirsutum|ecoflora,epilobium hirsutum,ecoflora,leaf arrangement,0,0,0,0,0,False,False,False,True,[],[],[],[]
epilobium hirsutum|ecoflora,epilobium hirsutum,ecoflora,leaf architecture,2,0,0,2,2,True,True,True,True,"[""amplexicaul"", ""decurrent""]","[""amplexicaul"", ""decurrent""]",[],[]
epilobium hirsutum|ecoflora,epilobium hirsutum,ecoflora,leaf position,1,0,0,1,1,True,True,True,True,"[""opposite""]","[""opposite""]",[],[]
epilobium hirsutum|ecoflora,epilobium hirsutum,ecoflora,leaf shape,1,0,0,1,1,True,True,True,True,"[""oblong""]","[""oblong""]",[],[]
epilobium hirsutum|ecoflora,epilobium hirsutum,ecoflora,leaf apex,1,1,0,1,2,True,True,True,False,"[""acute""]","[""acute"", ""attenuate""]","[""attenuate""]",[]
epilobium hirsutum|ecoflora,epilobium hirsutum,ecoflora,leaf base,1,0,0,1,1,True,True,True,True,"[""amplexicaul""]","[""amplexicaul""]",[],[]
epilobium hirsutum|ecoflora,epilobium hirsutum,ecoflora,leaf margin,1,0,0,1,1,True,True,True,True,"[""incurved""]","[""incurved""]",[],[]
epilobium hirsutum|ecoflora,epilobium hirsutum,ecoflora,leaf min. width [cm],1,0,0,1,1,True,True,True,True,"[""1.5""]","[""1.5""]",[],[]
epilobium hirsutum|ecoflora,epilobium hirsutum,ecoflora,leaf max. width [cm],1,0,0,1,1,True,True,True,True,"[""3.0""]","[""3.0""]",[],[]
epilobium hirsutum|ecoflora,epilobium hirsutum,ecoflora,leaf min. length [cm],1,0,0,1,1,True,True,True,True,"[""6.0""]","[""6.0""]",[],[]
epilobium hirsutum|ecoflora,epilobium hirsutum,ecoflora,leaf max. length [cm],1,0,0,1,1,True,True,True,True,"[""12.0""]","[""12.0""]",[],[]
epilobium hirsutum|ecoflora,epilobium hirsutum,ecoflora,bract colour,0,0,0,0,0,False,False,False,True,[],[],[],[]
epilobium hirsutum|ecoflora,epilobium hirsutum,ecoflora,bracteole colour,0,0,0,0,0,False,False,False,True,[],[],[],[]
epilobium hirsutum|ecoflora,epilobium hirsutum,ecoflora,inflorescence arrangement,0,0,2,2,0,True,False,True,False,"[""corymb"", ""raceme""]",[],[],"[""corymb"", ""raceme""]"
epilobium hirsutum|ecoflora,epilobium hirsutum,ecoflora,inflorescence orientation,1,0,0,1,1,True,True,True,True,"[""erect""]","[""erect""]",[],[]
epilobium hirsutum|ecoflora,epilobium hirsutum,ecoflora,flower sex,0,0,0,0,0,False,False,False,True,[],[],[],[]
epilobium hirsutum|ecoflora,epilobium hirsutum,ecoflora,flower architecture,0,0,0,0,0,False,False,False,True,[],[],[],[]
epilobium hirsutum|ecoflora,epilobium hirsutum,ecoflora,flower merosity,0,0,0,0,0,False,False,False,True,[],[],[],[]
epilobium hirsutum|ecoflora,epilobium hirsutum,ecoflora,flower symmetry,0,0,0,0,0,False,False,False,True,[],[],[],[]
epilobium hirsutum|ecoflora,epilobium hirsutum,ecoflora,flower shape,0,0,0,0,0,False,False,False,True,[],[],[],[]
epilobium hirsutum|ecoflora,epilobium hirsutum,ecoflora,flower colour,0,0,0,0,0,False,False,False,True,[],[],[],[]
epilobium hirsutum|ecoflora,epilobium hirsutum,ecoflora,flower orientation,1,0,0,1,1,True,True,True,True,"[""erect""]","[""erect""]",[],[]
epilobium hirsutum|ecoflora,epilobium hirsutum,ecoflora,petal fusion,0,0,0,0,0,False,False,False,True,[],[],[],[]
epilobium hirsutum|ecoflora,epilobium hirsutum,ecoflora,petal colour,2,0,0,2,2,True,True,True,True,"[""pink"", ""purple""]","[""pink"", ""purple""]",[],[]
epilobium hirsutum|ecoflora,epilobium hirsutum,ecoflora,petal min. width [cm],0,0,0,0,0,False,False,False,True,[],[],[],[]
epilobium hirsutum|ecoflora,epilobium hirsutum,ecoflora,petal max. width [cm],0,0,0,0,0,False,False,False,True,[],[],[],[]
epilobium hirsutum|ecoflora,epilobium hirsutum,ecoflora,calyx colour,0,0,0,0,0,False,False,False,True,[],[],[],[]
epilobium hirsutum|ecoflora,epilobium hirsutum,ecoflora,calyx min. length [cm],0,0,0,0,0,False,False,False,True,[],[],[],[]
epilobium hirsutum|ecoflora,epilobium hirsutum,ecoflora,calyx max. length [cm],0,0,0,0,0,False,False,False,True,[],[],[],[]
epilobium hirsutum|ecoflora,epilobium hirsutum,ecoflora,corolla colour,0,0,0,0,0,False,False,False,True,[],[],[],[]
epilobium hirsutum|ecoflora,epilobium hirsutum,ecoflora,corolla tube min. length [cm],0,0,0,0,0,False,False,False,True,[],[],[],[]
epilobium hirsutum|ecoflora,epilobium hirsutum,ecoflora,corolla tube max. length [cm],0,0,0,0,0,False,False,False,True,[],[],[],[]
epilobium hirsutum|ecoflora,epilobium hirsutum,ecoflora,corolla tube lipped,0,0,0,0,0,False,False,False,True,[],[],[],[]
epilobium hirsutum|ecoflora,epilobium hirsutum,ecoflora,labellum colour,0,0,0,0,0,False,False,False,True,[],[],[],[]
epilobium hirsutum|ecoflora,epilobium hirsutum,ecoflora,labellum min. width [cm],0,0,0,0,0,False,False,False,True,[],[],[],[]
epilobium hirsutum|ecoflora,epilobium hirsutum,ecoflora,labellum max. width [cm],0,0,0,0,0,False,False,False,True,[],[],[],[]
epilobium hirsutum|ecoflora,epilobium hirsutum,ecoflora,spur min. length [cm],0,0,0,0,0,False,False,False,True,[],[],[],[]
epilobium hirsutum|ecoflora,epilobium hirsutum,ecoflora,spur max. length [cm],0,0,0,0,0,False,False,False,True,[],[],[],[]
epilobium hirsutum|ecoflora,epilobium hirsutum,ecoflora,reproduction architecture,0,0,0,0,0,False,False,False,True,[],[],[],[]
epilobium hirsutum|ecoflora,epilobium hirsutum,ecoflora,reproduction system,0,0,0,0,0,False,False,False,True,[],[],[],[]
epilobium hirsutum|ecoflora,epilobium hirsutum,ecoflora,stamen number,0,0,0,0,0,False,False,False,True,[],[],[],[]
epilobium hirsutum|ecoflora,epilobium hirsutum,ecoflora,stamen arrangement,0,0,0,0,0,False,False,False,True,[],[],[],[]
epilobium hirsutum|ecoflora,epilobium hirsutum,ecoflora,stamenoid number,0,0,0,0,0,False,False,False,True,[],[],[],[]
epilobium hirsutum|ecoflora,epilobium hirsutum,ecoflora,stamen min. length [cm],0,0,0,0,0,False,False,False,True,[],[],[],[]
epilobium hirsutum|ecoflora,epilobium hirsutum,ecoflora,stamen max. length [cm],0,0,0,0,0,False,False,False,True,[],[],[],[]
epilobium hirsutum|ecoflora,epilobium hirsutum,ecoflora,staminodium,0,0,0,0,0,False,False,False,True,[],[],[],[]
epilobium hirsutum|ecoflora,epilobium hirsutum,ecoflora,pollen colour,0,0,0,0,0,False,False,False,True,[],[],[],[]
epilobium hirsutum|ecoflora,epilobium hirsutum,ecoflora,carpel/ovary number,0,0,0,0,0,False,False,False,True,[],[],[],[]
epilobium hirsutum|ecoflora,epilobium hirsutum,ecoflora,gynoecium arrangement,0,0,0,0,0,False,False,False,True,[],[],[],[]
epilobium hirsutum|ecoflora,epilobium hirsutum,ecoflora,heterostyly,0,0,0,0,0,False,False,False,True,[],[],[],[]
epilobium hirsutum|ecoflora,epilobium hirsutum,ecoflora,pollination,0,0,0,0,0,False,False,False,True,[],[],[],[]
epilobium hirsutum|ecoflora,epilobium hirsutum,ecoflora,reward,0,0,0,0,0,False,False,False,True,[],[],[],[]
epilobium hirsutum|ecoflora,epilobium hirsutum,ecoflora,fruit type,1,0,0,1,1,True,True,True,True,"[""capsule""]","[""capsule""]",[],[]
epilobium hirsutum|ecoflora,epilobium hirsutum,ecoflora,fruit structure,0,1,0,0,1,False,True,True,False,[],"[""dry""]","[""dry""]",[]
epilobium hirsutum|ecoflora,epilobium hirsutum,ecoflora,fruit dehiscence,0,1,0,0,1,False,True,True,False,[],"[""dehiscent""]","[""dehiscent""]",[]
epilobium hirsutum|ecoflora,epilobium hirsutum,ecoflora,fruit shape,0,0,0,0,0,False,False,False,True,[],[],[],[]
epilobium hirsutum|ecoflora,epilobium hirsutum,ecoflora,fruit colour,0,0,0,0,0,False,False,False,True,[],[],[],[]
epilobium hirsutum|ecoflora,epilobium hirsutum,ecoflora,seed colour,2,0,0,2,2,True,True,True,True,"[""brown"", ""red""]","[""brown"", ""red""]",[],[]
epilobium hirsutum|ecoflora,epilobium hirsutum,ecoflora,seeds per fruit min,0,0,0,0,0,False,False,False,True,[],[],[],[]
epilobium hirsutum|ecoflora,epilobium hirsutum,ecoflora,seeds per fruit max,0,0,0,0,0,False,False,False,True,[],[],[],[]
epilobium hirsutum|ecoflora,epilobium hirsutum,ecoflora,seeds per fruit min.,0,0,0,0,0,False,False,False,True,[],[],[],[]
epilobium hirsutum|ecoflora,epilobium hirsutum,ecoflora,seed min. width [mm],0,0,0,0,0,False,False,False,True,[],[],[],[]
epilobium hirsutum|ecoflora,epilobium hirsutum,ecoflora,seed max. width [mm],0,0,0,0,0,False,False,False,True,[],[],[],[]
epilobium hirsutum|ecoflora,epilobium hirsutum,ecoflora,seed min. length [mm],1,0,0,1,1,True,True,True,True,"[""1.0""]","[""1.0""]",[],[]
epilobium hirsutum|ecoflora,epilobium hirsutum,ecoflora,seed max. length [mm],1,0,0,1,1,True,True,True,True,"[""1.0""]","[""1.0""]",[],[]
epilobium hirsutum|ecoflora,epilobium hirsutum,ecoflora,seed min. diameter [mm],0,0,0,0,0,False,False,False,True,[],[],[],[]
epilobium hirsutum|ecoflora,epilobium hirsutum,ecoflora,seed max. diameter [mm],0,0,0,0,0,False,False,False,True,[],[],[],[]
epilobium hirsutum|ecoflora,epilobium hirsutum,ecoflora,dispersal mode,0,0,0,0,0,False,False,False,True,[],[],[],[]
epilobium hirsutum|ecoflora,epilobium hirsutum,ecoflora,ploidy level (2n),0,0,0,0,0,False,False,False,True,[],[],[],[]
epilobium hirsutum|ecoflora,epilobium hirsutum,ecoflora,root min. depth [cm],0,0,0,0,0,False,False,False,True,[],[],[],[]
epilobium hirsutum|ecoflora,epilobium hirsutum,ecoflora,root max. depth [cm],0,0,0,0,0,False,False,False,True,[],[],[],[]
erica vagans|efloras.flora_of_north_america,erica vagans,efloras.flora_of_north_america,life form,0,0,0,0,0,False,False,False,True,[],[],[],[]
erica vagans|efloras.flora_of_north_america,erica vagans,efloras.flora_of_north_america,habitat,0,0,0,0,0,False,False,False,True,[],[],[],[]
erica vagans|efloras.flora_of_north_america,erica vagans,efloras.flora_of_north_america,habit,0,0,0,0,0,False,False,False,True,[],[],[],[]
erica vagans|efloras.flora_of_north_america,erica vagans,efloras.flora_of_north_america,clonality,0,0,0,0,0,False,False,False,True,[],[],[],[]
erica vagans|efloras.flora_of_north_america,erica vagans,efloras.flora_of_north_america,perennial organ,0,0,0,0,0,False,False,False,True,[],[],[],[]
erica vagans|efloras.flora_of_north_america,erica vagans,efloras.flora_of_north_america,plant min. height [m],1,0,0,1,1,True,True,True,True,"[""0.3""]","[""0.3""]",[],[]
erica vagans|efloras.flora_of_north_america,erica vagans,efloras.flora_of_north_america,plant max. height [m],1,0,0,1,1,True,True,True,True,"[""0.6""]","[""0.6""]",[],[]
erica vagans|efloras.flora_of_north_america,erica vagans,efloras.flora_of_north_america,indumentum,2,0,0,2,2,True,True,True,True,"[""ciliate"", ""glabrous""]","[""ciliate"", ""glabrous""]",[],[]
erica vagans|efloras.flora_of_north_america,erica vagans,efloras.flora_of_north_america,spinescence,0,0,0,0,0,False,False,False,True,[],[],[],[]
erica vagans|efloras.flora_of_north_america,erica vagans,efloras.flora_of_north_america,succulence,0,0,0,0,0,False,False,False,True,[],[],[],[]
erica vagans|efloras.flora_of_north_america,erica vagans,efloras.flora_of_north_america,leaf arrangement,0,0,0,0,0,False,False,False,True,[],[],[],[]
erica vagans|efloras.flora_of_north_america,erica vagans,efloras.flora_of_north_america,leaf architecture,0,0,2,2,0,True,False,True,False,"[""decurrent"", ""flat""]",[],[],"[""decurrent"", ""flat""]"
erica vagans|efloras.flora_of_north_america,erica vagans,efloras.flora_of_north_america,leaf position,1,0,0,1,1,True,True,True,True,"[""whorled""]","[""whorled""]",[],[]
erica vagans|efloras.flora_of_north_america,erica vagans,efloras.flora_of_north_america,leaf shape,1,0,1,2,1,True,True,True,False,"[""lanceolate"", ""linear""]","[""lanceolate""]",[],"[""linear""]"
erica vagans|efloras.flora_of_north_america,erica vagans,efloras.flora_of_north_america,leaf apex,0,1,0,0,1,False,True,True,False,[],"[""acute""]","[""acute""]",[]
erica vagans|efloras.flora_of_north_america,erica vagans,efloras.flora_of_north_america,leaf base,0,0,0,0,0,False,False,False,True,[],[],[],[]
erica vagans|efloras.flora_of_north_america,erica vagans,efloras.flora_of_north_america,leaf margin,1,0,0,1,1,True,True,True,True,"[""revolute""]","[""revolute""]",[],[]
erica vagans|efloras.flora_of_north_america,erica vagans,efloras.flora_of_north_america,leaf min. width [cm],1,0,0,1,1,True,True,True,True,"[""0.1""]","[""0.1""]",[],[]
erica vagans|efloras.flora_of_north_america,erica vagans,efloras.flora_of_north_america,leaf max. width [cm],1,0,0,1,1,True,True,True,True,"[""0.1""]","[""0.1""]",[],[]
erica vagans|efloras.flora_of_north_america,erica vagans,efloras.flora_of_north_america,leaf min. length [cm],1,0,0,1,1,True,True,True,True,"[""0.45""]","[""0.45""]",[],[]
erica vagans|efloras.flora_of_north_america,erica vagans,efloras.flora_of_north_america,leaf max. length [cm],1,0,0,1,1,True,True,True,True,"[""0.6""]","[""0.6""]",[],[]
erica vagans|efloras.flora_of_north_america,erica vagans,efloras.flora_of_north_america,bract colour,0,0,0,0,0,False,False,False,True,[],[],[],[]
erica vagans|efloras.flora_of_north_america,erica vagans,efloras.flora_of_north_america,bracteole colour,0,0,0,0,0,False,False,False,True,[],[],[],[]
erica vagans|efloras.flora_of_north_america,erica vagans,efloras.flora_of_north_america,inflorescence arrangement,1,0,0,1,1,True,True,True,True,"[""raceme""]","[""raceme""]",[],[]
erica vagans|efloras.flora_of_north_america,erica vagans,efloras.flora_of_north_america,inflorescence orientation,0,0,0,0,0,False,False,False,True,[],[],[],[]
erica vagans|efloras.flora_of_north_america,erica vagans,efloras.flora_of_north_america,flower sex,0,0,0,0,0,False,False,False,True,[],[],[],[]
erica vagans|efloras.flora_of_north_america,erica vagans,efloras.flora_of_north_america,flower architecture,0,0,0,0,0,False,False,False,True,[],[],[],[]
erica vagans|efloras.flora_of_north_america,erica vagans,efloras.flora_of_north_america,flower merosity,0,0,0,0,0,False,False,False,True,[],[],[],[]
erica vagans|efloras.flora_of_north_america,erica vagans,efloras.flora_of_north_america,flower symmetry,0,0,0,0,0,False,False,False,True,[],[],[],[]
erica vagans|efloras.flora_of_north_america,erica vagans,efloras.flora_of_north_america,flower shape,0,0,1,1,0,True,False,True,False,"[""campanulate""]",[],[],"[""campanulate""]"
erica vagans|efloras.flora_of_north_america,erica vagans,efloras.flora_of_north_america,flower colour,0,0,0,0,0,False,False,False,True,[],[],[],[]
erica vagans|efloras.flora_of_north_america,erica vagans,efloras.flora_of_north_america,flower orientation,0,0,0,0,0,False,False,False,True,[],[],[],[]
erica vagans|efloras.flora_of_north_america,erica vagans,efloras.flora_of_north_america,petal fusion,1,0,0,1,1,True,True,True,True,"[""fusion""]","[""fusion""]",[],[]
erica vagans|efloras.flora_of_north_america,erica vagans,efloras.flora_of_north_america,petal colour,0,0,0,0,0,False,False,False,True,[],[],[],[]
erica vagans|efloras.flora_of_north_america,erica vagans,efloras.flora_of_north_america,petal min. width [cm],0,0,0,0,0,False,False,False,True,[],[],[],[]
erica vagans|efloras.flora_of_north_america,erica vagans,efloras.flora_of_north_america,petal max. width [cm],0,0,0,0,0,False,False,False,True,[],[],[],[]
erica vagans|efloras.flora_of_north_america,erica vagans,efloras.flora_of_north_america,calyx colour,0,0,0,0,0,False,False,False,True,[],[],[],[]
erica vagans|efloras.flora_of_north_america,erica vagans,efloras.flora_of_north_america,calyx min. length [cm],0,0,1,1,0,True,False,True,False,"[""0.1""]",[],[],"[""0.1""]"
erica vagans|efloras.flora_of_north_america,erica vagans,efloras.flora_of_north_america,calyx max. length [cm],0,0,1,1,0,True,False,True,False,"[""0.1""]",[],[],"[""0.1""]"
erica vagans|efloras.flora_of_north_america,erica vagans,efloras.flora_of_north_america,corolla colour,2,0,0,2,2,True,True,True,True,"[""pink"", ""white""]","[""pink"", ""white""]",[],[]
erica vagans|efloras.flora_of_north_america,erica vagans,efloras.flora_of_north_america,corolla tube min. length [cm],1,0,0,1,1,True,True,True,True,"[""0.25""]","[""0.25""]",[],[]
erica vagans|efloras.flora_of_north_america,erica vagans,efloras.flora_of_north_america,corolla tube max. length [cm],1,0,0,1,1,True,True,True,True,"[""0.35""]","[""0.35""]",[],[]
erica vagans|efloras.flora_of_north_america,erica vagans,efloras.flora_of_north_america,corolla tube lipped,0,0,0,0,0,False,False,False,True,[],[],[],[]
erica vagans|efloras.flora_of_north_america,erica vagans,efloras.flora_of_north_america,labellum colour,0,0,0,0,0,False,False,False,True,[],[],[],[]
erica vagans|efloras.flora_of_north_america,erica vagans,efloras.flora_of_north_america,labellum min. width [cm],0,0,0,0,0,False,False,False,True,[],[],[],[]
erica vagans|efloras.flora_of_north_america,erica vagans,efloras.flora_of_north_america,labellum max. width [cm],0,0,0,0,0,False,False,False,True,[],[],[],[]
erica vagans|efloras.flora_of_north_america,erica vagans,efloras.flora_of_north_america,spur min. length [cm],0,0,0,0,0,False,False,False,True,[],[],[],[]
erica vagans|efloras.flora_of_north_america,erica vagans,efloras.flora_of_north_america,spur max. length [cm],0,0,0,0,0,False,False,False,True,[],[],[],[]
erica vagans|efloras.flora_of_north_america,erica vagans,efloras.flora_of_north_america,reproduction architecture,0,0,0,0,0,False,False,False,True,[],[],[],[]
erica vagans|efloras.flora_of_north_america,erica vagans,efloras.flora_of_north_america,reproduction system,0,0,0,0,0,False,False,False,True,[],[],[],[]
erica vagans|efloras.flora_of_north_america,erica vagans,efloras.flora_of_north_america,stamen number,0,1,0,0,1,False,True,True,False,[],"[""10.0""]","[""10.0""]",[]
erica vagans|efloras.flora_of_north_america,erica vagans,efloras.flora_of_north_america,stamen arrangement,0,0,0,0,0,False,False,False,True,[],[],[],[]
erica vagans|efloras.flora_of_north_america,erica vagans,efloras.flora_of_north_america,stamenoid number,0,0,0,0,0,False,False,False,True,[],[],[],[]
erica vagans|efloras.flora_of_north_america,erica vagans,efloras.flora_of_north_america,stamen min. length [cm],0,0,0,0,0,False,False,False,True,[],[],[],[]
erica vagans|efloras.flora_of_north_america,erica vagans,efloras.flora_of_north_america,stamen max. length [cm],0,0,0,0,0,False,False,False,True,[],[],[],[]
erica vagans|efloras.flora_of_north_america,erica vagans,efloras.flora_of_north_america,staminodium,0,0,0,0,0,False,False,False,True,[],[],[],[]
erica vagans|efloras.flora_of_north_america,erica vagans,efloras.flora_of_north_america,pollen colour,0,0,0,0,0,False,False,False,True,[],[],[],[]
erica vagans|efloras.flora_of_north_america,erica vagans,efloras.flora_of_north_america,carpel/ovary number,0,0,0,0,0,False,False,False,True,[],[],[],[]
erica vagans|efloras.flora_of_north_america,erica vagans,efloras.flora_of_north_america,gynoecium arrangement,0,0,0,0,0,False,False,False,True,[],[],[],[]
erica vagans|efloras.flora_of_north_america,erica vagans,efloras.flora_of_north_america,heterostyly,0,0,0,0,0,False,False,False,True,[],[],[],[]
erica vagans|efloras.flora_of_north_america,erica vagans,efloras.flora_of_north_america,pollination,0,0,0,0,0,False,False,False,True,[],[],[],[]
erica vagans|efloras.flora_of_north_america,erica vagans,efloras.flora_of_north_america,reward,0,0,0,0,0,False,False,False,True,[],[],[],[]
erica vagans|efloras.flora_of_north_america,erica vagans,efloras.flora_of_north_america,fruit type,1,0,0,1,1,True,True,True,True,"[""capsule""]","[""capsule""]",[],[]
erica vagans|efloras.flora_of_north_america,erica vagans,efloras.flora_of_north_america,fruit structure,0,1,0,0,1,False,True,True,False,[],"[""dry""]","[""dry""]",[]
erica vagans|efloras.flora_of_north_america,erica vagans,efloras.flora_of_north_america,fruit dehiscence,0,1,0,0,1,False,True,True,False,[],"[""dehiscent""]","[""dehiscent""]",[]
erica vagans|efloras.flora_of_north_america,erica vagans,efloras.flora_of_north_america,fruit shape,0,0,0,0,0,False,False,False,True,[],[],[],[]
erica vagans|efloras.flora_of_north_america,erica vagans,efloras.flora_of_north_america,fruit colour,0,0,0,0,0,False,False,False,True,[],[],[],[]
erica vagans|efloras.flora_of_north_america,erica vagans,efloras.flora_of_north_america,seed colour,0,0,0,0,0,False,False,False,True,[],[],[],[]
erica vagans|efloras.flora_of_north_america,erica vagans,efloras.flora_of_north_america,seeds per fruit min,0,0,0,0,0,False,False,False,True,[],[],[],[]
erica vagans|efloras.flora_of_north_america,erica vagans,efloras.flora_of_north_america,seeds per fruit max,0,0,0,0,0,False,False,False,True,[],[],[],[]
erica vagans|efloras.flora_of_north_america,erica vagans,efloras.flora_of_north_america,seeds per fruit min.,0,0,0,0,0,False,False,False,True,[],[],[],[]
erica vagans|efloras.flora_of_north_america,erica vagans,efloras.flora_of_north_america,seed min. width [mm],1,0,0,1,1,True,True,True,True,"[""0.5""]","[""0.5""]",[],[]
erica vagans|efloras.flora_of_north_america,erica vagans,efloras.flora_of_north_america,seed max. width [mm],1,0,0,1,1,True,True,True,True,"[""0.5""]","[""0.5""]",[],[]
erica vagans|efloras.flora_of_north_america,erica vagans,efloras.flora_of_north_america,seed min. length [mm],1,0,0,1,1,True,True,True,True,"[""0.6""]","[""0.6""]",[],[]
erica vagans|efloras.flora_of_north_america,erica vagans,efloras.flora_of_north_america,seed max. length [mm],1,0,0,1,1,True,True,True,True,"[""0.6""]","[""0.6""]",[],[]
erica vagans|efloras.flora_of_north_america,erica vagans,efloras.flora_of_north_america,seed min. diameter [mm],0,0,0,0,0,False,False,False,True,[],[],[],[]
erica vagans|efloras.flora_of_north_america,erica vagans,efloras.flora_of_north_america,seed max. diameter [mm],0,0,0,0,0,False,False,False,True,[],[],[],[]
erica vagans|efloras.flora_of_north_america,erica vagans,efloras.flora_of_north_america,dispersal mode,0,1,0,0,1,False,True,True,False,[],"[""ectozoochory""]","[""ectozoochory""]",[]
erica vagans|efloras.flora_of_north_america,erica vagans,efloras.flora_of_north_america,ploidy level (2n),1,0,0,1,1,True,True,True,True,"[""24""]","[""24""]",[],[]
erica vagans|efloras.flora_of_north_america,erica vagans,efloras.flora_of_north_america,root min. depth [cm],0,0,0,0,0,False,False,False,True,[],[],[],[]
erica vagans|efloras.flora_of_north_america,erica vagans,efloras.flora_of_north_america,root max. depth [cm],0,0,0,0,0,False,False,False,True,[],[],[],[]
eriophorum angustifolium|efloras.flora_of_north_america,eriophorum angustifolium,efloras.flora_of_north_america,life form,1,0,0,1,1,True,True,True,True,"[""perennial""]","[""perennial""]",[],[]
eriophorum angustifolium|efloras.flora_of_north_america,eriophorum angustifolium,efloras.flora_of_north_america,habitat,1,0,0,1,1,True,True,True,True,"[""terrestrial""]","[""terrestrial""]",[],[]
eriophorum angustifolium|efloras.flora_of_north_america,eriophorum angustifolium,efloras.flora_of_north_america,habit,2,0,0,2,2,True,True,True,True,"[""erect leafy/tussock"", ""scrambler""]","[""erect leafy/tussock"", ""scrambler""]",[],[]
eriophorum angustifolium|efloras.flora_of_north_america,eriophorum angustifolium,efloras.flora_of_north_america,clonality,2,0,1,3,2,True,True,True,False,"[""rhizomatous"", ""rhizome"", ""stoloniferous""]","[""rhizome"", ""stoloniferous""]",[],"[""rhizomatous""]"
eriophorum angustifolium|efloras.flora_of_north_america,eriophorum angustifolium,efloras.flora_of_north_america,perennial organ,2,0,0,2,2,True,True,True,True,"[""rhizome"", ""stolon""]","[""rhizome"", ""stolon""]",[],[]
eriophorum angustifolium|efloras.flora_of_north_america,eriophorum angustifolium,efloras.flora_of_north_america,plant min. height [m],0,0,1,1,0,True,False,True,False,"[""1.0""]",[],[],"[""1.0""]"
eriophorum angustifolium|efloras.flora_of_north_america,eriophorum angustifolium,efloras.flora_of_north_america,plant max. height [m],0,0,1,1,0,True,False,True,False,"[""1.0""]",[],[],"[""1.0""]"
eriophorum angustifolium|efloras.flora_of_north_america,eriophorum angustifolium,efloras.flora_of_north_america,indumentum,0,0,1,1,0,True,False,True,False,"[""pubescent""]",[],[],"[""pubescent""]"
eriophorum angustifolium|efloras.flora_of_north_america,eriophorum angustifolium,efloras.flora_of_north_america,spinescence,0,0,0,0,0,False,False,False,True,[],[],[],[]
eriophorum angustifolium|efloras.flora_of_north_america,eriophorum angustifolium,efloras.flora_of_north_america,succulence,0,0,0,0,0,False,False,False,True,[],[],[],[]
eriophorum angustifolium|efloras.flora_of_north_america,eriophorum angustifolium,efloras.flora_of_north_america,leaf arrangement,0,0,0,0,0,False,False,False,True,[],[],[],[]
eriophorum angustifolium|efloras.flora_of_north_america,eriophorum angustifolium,efloras.flora_of_north_america,leaf architecture,1,0,0,1,1,True,True,True,True,"[""flat""]","[""flat""]",[],[]
eriophorum angustifolium|efloras.flora_of_north_america,eriophorum angustifolium,efloras.flora_of_north_america,leaf position,0,0,0,0,0,False,False,False,True,[],[],[],[]
eriophorum angustifolium|efloras.flora_of_north_america,eriophorum angustifolium,efloras.flora_of_north_america,leaf shape,0,0,0,0,0,False,False,False,True,[],[],[],[]
eriophorum angustifolium|efloras.flora_of_north_america,eriophorum angustifolium,efloras.flora_of_north_america,leaf apex,0,0,0,0,0,False,False,False,True,[],[],[],[]
eriophorum angustifolium|efloras.flora_of_north_america,eriophorum angustifolium,efloras.flora_of_north_america,leaf base,0,0,0,0,0,False,False,False,True,[],[],[],[]
eriophorum angustifolium|efloras.flora_of_north_america,eriophorum angustifolium,efloras.flora_of_north_america,leaf margin,0,0,0,0,0,False,False,False,True,[],[],[],[]
eriophorum angustifolium|efloras.flora_of_north_america,eriophorum angustifolium,efloras.flora_of_north_america,leaf min. width [cm],1,0,0,1,1,True,True,True,True,"[""0.15""]","[""0.15""]",[],[]
eriophorum angustifolium|efloras.flora_of_north_america,eriophorum angustifolium,efloras.flora_of_north_america,leaf max. width [cm],1,0,0,1,1,True,True,True,True,"[""0.8""]","[""0.8""]",[],[]
eriophorum angustifolium|efloras.flora_of_north_america,eriophorum angustifolium,efloras.flora_of_north_america,leaf min. length [cm],1,0,0,1,1,True,True,True,True,"[""40.0""]","[""40.0""]",[],[]
eriophorum angustifolium|efloras.flora_of_north_america,eriophorum angustifolium,efloras.flora_of_north_america,leaf max. length [cm],1,0,0,1,1,True,True,True,True,"[""40.0""]","[""40.0""]",[],[]
eriophorum angustifolium|efloras.flora_of_north_america,eriophorum angustifolium,efloras.flora_of_north_america,bract colour,0,0,0,0,0,False,False,False,True,[],[],[],[]
eriophorum angustifolium|efloras.flora_of_north_america,eriophorum angustifolium,efloras.flora_of_north_america,bracteole colour,0,0,0,0,0,False,False,False,True,[],[],[],[]
eriophorum angustifolium|efloras.flora_of_north_america,eriophorum angustifolium,efloras.flora_of_north_america,inflorescence arrangement,0,0,1,1,0,True,False,True,False,"[""spikelet""]",[],[],"[""spikelet""]"
eriophorum angustifolium|efloras.flora_of_north_america,eriophorum angustifolium,efloras.flora_of_north_america,inflorescence orientation,0,0,0,0,0,False,False,False,True,[],[],[],[]
eriophorum angustifolium|efloras.flora_of_north_america,eriophorum angustifolium,efloras.flora_of_north_america,flower sex,0,0,0,0,0,False,False,False,True,[],[],[],[]
eriophorum angustifolium|efloras.flora_of_north_america,eriophorum angustifolium,efloras.flora_of_north_america,flower architecture,0,0,0,0,0,False,False,False,True,[],[],[],[]
eriophorum angustifolium|efloras.flora_of_north_america,eriophorum angustifolium,efloras.flora_of_north_america,flower merosity,0,0,0,0,0,False,False,False,True,[],[],[],[]
eriophorum angustifolium|efloras.flora_of_north_america,eriophorum angustifolium,efloras.flora_of_north_america,flower symmetry,0,0,0,0,0,False,False,False,True,[],[],[],[]
eriophorum angustifolium|efloras.flora_of_north_america,eriophorum angustifolium,efloras.flora_of_north_america,flower shape,0,0,0,0,0,False,False,False,True,[],[],[],[]
eriophorum angustifolium|efloras.flora_of_north_america,eriophorum angustifolium,efloras.flora_of_north_america,flower colour,3,0,0,3,3,True,True,True,True,"[""brown"", ""white"", ""yellow""]","[""brown"", ""white"", ""yellow""]",[],[]
eriophorum angustifolium|efloras.flora_of_north_america,eriophorum angustifolium,efloras.flora_of_north_america,flower orientation,0,0,0,0,0,False,False,False,True,[],[],[],[]
eriophorum angustifolium|efloras.flora_of_north_america,eriophorum angustifolium,efloras.flora_of_north_america,petal fusion,0,0,1,1,0,True,False,True,False,"[""no perianth""]",[],[],"[""no perianth""]"
eriophorum angustifolium|efloras.flora_of_north_america,eriophorum angustifolium,efloras.flora_of_north_america,petal colour,0,0,0,0,0,False,False,False,True,[],[],[],[]
eriophorum angustifolium|efloras.flora_of_north_america,eriophorum angustifolium,efloras.flora_of_north_america,petal min. width [cm],0,0,0,0,0,False,False,False,True,[],[],[],[]
eriophorum angustifolium|efloras.flora_of_north_america,eriophorum angustifolium,efloras.flora_of_north_america,petal max. width [cm],0,0,0,0,0,False,False,False,True,[],[],[],[]
eriophorum angustifolium|efloras.flora_of_north_america,eriophorum angustifolium,efloras.flora_of_north_america,calyx colour,0,0,0,0,0,False,False,False,True,[],[],[],[]
eriophorum angustifolium|efloras.flora_of_north_america,eriophorum angustifolium,efloras.flora_of_north_america,calyx min. length [cm],0,0,0,0,0,False,False,False,True,[],[],[],[]
eriophorum angustifolium|efloras.flora_of_north_america,eriophorum angustifolium,efloras.flora_of_north_america,calyx max. length [cm],0,0,0,0,0,False,False,False,True,[],[],[],[]
eriophorum angustifolium|efloras.flora_of_north_america,eriophorum angustifolium,efloras.flora_of_north_america,corolla colour,0,0,0,0,0,False,False,False,True,[],[],[],[]
eriophorum angustifolium|efloras.flora_of_north_america,eriophorum angustifolium,efloras.flora_of_north_america,corolla tube min. length [cm],0,0,0,0,0,False,False,False,True,[],[],[],[]
eriophorum angustifolium|efloras.flora_of_north_america,eriophorum angustifolium,efloras.flora_of_north_america,corolla tube max. length [cm],0,0,0,0,0,False,False,False,True,[],[],[],[]
eriophorum angustifolium|efloras.flora_of_north_america,eriophorum angustifolium,efloras.flora_of_north_america,corolla tube lipped,0,0,0,0,0,False,False,False,True,[],[],[],[]
eriophorum angustifolium|efloras.flora_of_north_america,eriophorum angustifolium,efloras.flora_of_north_america,labellum colour,0,0,0,0,0,False,False,False,True,[],[],[],[]
eriophorum angustifolium|efloras.flora_of_north_america,eriophorum angustifolium,efloras.flora_of_north_america,labellum min. width [cm],0,0,0,0,0,False,False,False,True,[],[],[],[]
eriophorum angustifolium|efloras.flora_of_north_america,eriophorum angustifolium,efloras.flora_of_north_america,labellum max. width [cm],0,0,0,0,0,False,False,False,True,[],[],[],[]
eriophorum angustifolium|efloras.flora_of_north_america,eriophorum angustifolium,efloras.flora_of_north_america,spur min. length [cm],0,0,0,0,0,False,False,False,True,[],[],[],[]
eriophorum angustifolium|efloras.flora_of_north_america,eriophorum angustifolium,efloras.flora_of_north_america,spur max. length [cm],0,0,0,0,0,False,False,False,True,[],[],[],[]
eriophorum angustifolium|efloras.flora_of_north_america,eriophorum angustifolium,efloras.flora_of_north_america,reproduction architecture,0,0,0,0,0,False,False,False,True,[],[],[],[]
eriophorum angustifolium|efloras.flora_of_north_america,eriophorum angustifolium,efloras.flora_of_north_america,reproduction system,0,0,0,0,0,False,False,False,True,[],[],[],[]
eriophorum angustifolium|efloras.flora_of_north_america,eriophorum angustifolium,efloras.flora_of_north_america,stamen number,0,0,0,0,0,False,False,False,True,[],[],[],[]
eriophorum angustifolium|efloras.flora_of_north_america,eriophorum angustifolium,efloras.flora_of_north_america,stamen arrangement,0,0,0,0,0,False,False,False,True,[],[],[],[]
eriophorum angustifolium|efloras.flora_of_north_america,eriophorum angustifolium,efloras.flora_of_north_america,stamenoid number,0,0,0,0,0,False,False,False,True,[],[],[],[]
eriophorum angustifolium|efloras.flora_of_north_america,eriophorum angustifolium,efloras.flora_of_north_america,stamen min. length [cm],0,0,0,0,0,False,False,False,True,[],[],[],[]
eriophorum angustifolium|efloras.flora_of_north_america,eriophorum angustifolium,efloras.flora_of_north_america,stamen max. length [cm],0,0,0,0,0,False,False,False,True,[],[],[],[]
eriophorum angustifolium|efloras.flora_of_north_america,eriophorum angustifolium,efloras.flora_of_north_america,staminodium,0,0,0,0,0,False,False,False,True,[],[],[],[]
eriophorum angustifolium|efloras.flora_of_north_america,eriophorum angustifolium,efloras.flora_of_north_america,pollen colour,0,0,0,0,0,False,False,False,True,[],[],[],[]
eriophorum angustifolium|efloras.flora_of_north_america,eriophorum angustifolium,efloras.flora_of_north_america,carpel/ovary number,0,0,0,0,0,False,False,False,True,[],[],[],[]
eriophorum angustifolium|efloras.flora_of_north_america,eriophorum angustifolium,efloras.flora_of_north_america,gynoecium arrangement,0,0,0,0,0,False,False,False,True,[],[],[],[]
eriophorum angustifolium|efloras.flora_of_north_america,eriophorum angustifolium,efloras.flora_of_north_america,heterostyly,0,0,0,0,0,False,False,False,True,[],[],[],[]
eriophorum angustifolium|efloras.flora_of_north_america,eriophorum angustifolium,efloras.flora_of_north_america,pollination,0,0,0,0,0,False,False,False,True,[],[],[],[]
eriophorum angustifolium|efloras.flora_of_north_america,eriophorum angustifolium,efloras.flora_of_north_america,reward,0,0,0,0,0,False,False,False,True,[],[],[],[]
eriophorum angustifolium|efloras.flora_of_north_america,eriophorum angustifolium,efloras.flora_of_north_america,fruit type,0,0,1,1,0,True,False,True,False,"[""achene""]",[],[],"[""achene""]"
eriophorum angustifolium|efloras.flora_of_north_america,eriophorum angustifolium,efloras.flora_of_north_america,fruit structure,0,0,0,0,0,False,False,False,True,[],[],[],[]
eriophorum angustifolium|efloras.flora_of_north_america,eriophorum angustifolium,efloras.flora_of_north_america,fruit dehiscence,0,0,0,0,0,False,False,False,True,[],[],[],[]
eriophorum angustifolium|efloras.flora_of_north_america,eriophorum angustifolium,efloras.flora_of_north_america,fruit shape,0,0,1,1,0,True,False,True,False,"[""oblanceoloid""]",[],[],"[""oblanceoloid""]"
eriophorum angustifolium|efloras.flora_of_north_america,eriophorum angustifolium,efloras.flora_of_north_america,fruit colour,0,0,1,1,0,True,False,True,False,"[""black""]",[],[],"[""black""]"
eriophorum angustifolium|efloras.flora_of_north_america,eriophorum angustifolium,efloras.flora_of_north_america,seed colour,0,1,0,0,1,False,True,True,False,[],"[""black""]","[""black""]",[]
eriophorum angustifolium|efloras.flora_of_north_america,eriophorum angustifolium,efloras.flora_of_north_america,seeds per fruit min,0,0,0,0,0,False,False,False,True,[],[],[],[]
eriophorum angustifolium|efloras.flora_of_north_america,eriophorum angustifolium,efloras.flora_of_north_america,seeds per fruit max,0,0,0,0,0,False,False,False,True,[],[],[],[]
eriophorum angustifolium|efloras.flora_of_north_america,eriophorum angustifolium,efloras.flora_of_north_america,seeds per fruit min.,0,0,0,0,0,False,False,False,True,[],[],[],[]
eriophorum angustifolium|efloras.flora_of_north_america,eriophorum angustifolium,efloras.flora_of_north_america,seed min. width [mm],0,0,0,0,0,False,False,False,True,[],[],[],[]
eriophorum angustifolium|efloras.flora_of_north_america,eriophorum angustifolium,efloras.flora_of_north_america,seed max. width [mm],0,0,0,0,0,False,False,False,True,[],[],[],[]
eriophorum angustifolium|efloras.flora_of_north_america,eriophorum angustifolium,efloras.flora_of_north_america,seed min. length [mm],1,0,0,1,1,True,True,True,True,"[""2.0""]","[""2.0""]",[],[]
eriophorum angustifolium|efloras.flora_of_north_america,eriophorum angustifolium,efloras.flora_of_north_america,seed max. length [mm],1,0,0,1,1,True,True,True,True,"[""5.0""]","[""5.0""]",[],[]
eriophorum angustifolium|efloras.flora_of_north_america,eriophorum angustifolium,efloras.flora_of_north_america,seed min. diameter [mm],0,0,0,0,0,False,False,False,True,[],[],[],[]
eriophorum angustifolium|efloras.flora_of_north_america,eriophorum angustifolium,efloras.flora_of_north_america,seed max. diameter [mm],0,0,0,0,0,False,False,False,True,[],[],[],[]
eriophorum angustifolium|efloras.flora_of_north_america,eriophorum angustifolium,efloras.flora_of_north_america,dispersal mode,1,0,0,1,1,True,True,True,True,"[""ectozoochory""]","[""ectozoochory""]",[],[]
eriophorum angustifolium|efloras.flora_of_north_america,eriophorum angustifolium,efloras.flora_of_north_america,ploidy level (2n),0,0,0,0,0,False,False,False,True,[],[],[],[]
eriophorum angustifolium|efloras.flora_of_north_america,eriophorum angustifolium,efloras.flora_of_north_america,root min. depth [cm],0,0,0,0,0,False,False,False,True,[],[],[],[]
eriophorum angustifolium|efloras.flora_of_north_america,eriophorum angustifolium,efloras.flora_of_north_america,root max. depth [cm],0,0,0,0,0,False,False,False,True,[],[],[],[]
eriophorum vaginatum|efloras.flora_of_north_america,eriophorum vaginatum,efloras.flora_of_north_america,life form,0,0,0,0,0,False,False,False,True,[],[],[],[]
eriophorum vaginatum|efloras.flora_of_north_america,eriophorum vaginatum,efloras.flora_of_north_america,habitat,1,0,0,1,1,True,True,True,True,"[""terrestrial""]","[""terrestrial""]",[],[]
eriophorum vaginatum|efloras.flora_of_north_america,eriophorum vaginatum,efloras.flora_of_north_america,habit,2,0,0,2,2,True,True,True,True,"[""erect leafy/tussock"", ""tussock""]","[""erect leafy/tussock"", ""tussock""]",[],[]
eriophorum vaginatum|efloras.flora_of_north_america,eriophorum vaginatum,efloras.flora_of_north_america,clonality,1,1,0,1,2,True,True,True,False,"[""rhizomatous""]","[""rhizomatous"", ""solitary plant""]","[""solitary plant""]",[]
eriophorum vaginatum|efloras.flora_of_north_america,eriophorum vaginatum,efloras.flora_of_north_america,perennial organ,1,0,0,1,1,True,True,True,True,"[""rhizome""]","[""rhizome""]",[],[]
eriophorum vaginatum|efloras.flora_of_north_america,eriophorum vaginatum,efloras.flora_of_north_america,plant min. height [m],0,0,1,1,0,True,False,True,False,"[""0.1""]",[],[],"[""0.1""]"
eriophorum vaginatum|efloras.flora_of_north_america,eriophorum vaginatum,efloras.flora_of_north_america,plant max. height [m],0,0,1,1,0,True,False,True,False,"[""0.6""]",[],[],"[""0.6""]"
eriophorum vaginatum|efloras.flora_of_north_america,eriophorum vaginatum,efloras.flora_of_north_america,indumentum,0,0,1,1,0,True,False,True,False,"[""pubescent""]",[],[],"[""pubescent""]"
eriophorum vaginatum|efloras.flora_of_north_america,eriophorum vaginatum,efloras.flora_of_north_america,spinescence,0,0,0,0,0,False,False,False,True,[],[],[],[]
eriophorum vaginatum|efloras.flora_of_north_america,eriophorum vaginatum,efloras.flora_of_north_america,succulence,0,0,0,0,0,False,False,False,True,[],[],[],[]
eriophorum vaginatum|efloras.flora_of_north_america,eriophorum vaginatum,efloras.flora_of_north_america,leaf arrangement,0,0,0,0,0,False,False,False,True,[],[],[],[]
eriophorum vaginatum|efloras.flora_of_north_america,eriophorum vaginatum,efloras.flora_of_north_america,leaf architecture,0,0,0,0,0,False,False,False,True,[],[],[],[]
eriophorum vaginatum|efloras.flora_of_north_america,eriophorum vaginatum,efloras.flora_of_north_america,leaf position,0,0,0,0,0,False,False,False,True,[],[],[],[]
eriophorum vaginatum|efloras.flora_of_north_america,eriophorum vaginatum,efloras.flora_of_north_america,leaf shape,0,1,0,0,1,False,True,True,False,[],"[""filiform""]","[""filiform""]",[]
eriophorum vaginatum|efloras.flora_of_north_america,eriophorum vaginatum,efloras.flora_of_north_america,leaf apex,0,0,0,0,0,False,False,False,True,[],[],[],[]
eriophorum vaginatum|efloras.flora_of_north_america,eriophorum vaginatum,efloras.flora_of_north_america,leaf base,0,0,0,0,0,False,False,False,True,[],[],[],[]
eriophorum vaginatum|efloras.flora_of_north_america,eriophorum vaginatum,efloras.flora_of_north_america,leaf margin,0,0,0,0,0,False,False,False,True,[],[],[],[]
eriophorum vaginatum|efloras.flora_of_north_america,eriophorum vaginatum,efloras.flora_of_north_america,leaf min. width [cm],1,0,0,1,1,True,True,True,True,"[""0.1""]","[""0.1""]",[],[]
eriophorum vaginatum|efloras.flora_of_north_america,eriophorum vaginatum,efloras.flora_of_north_america,leaf max. width [cm],1,0,0,1,1,True,True,True,True,"[""0.1""]","[""0.1""]",[],[]
eriophorum vaginatum|efloras.flora_of_north_america,eriophorum vaginatum,efloras.flora_of_north_america,leaf min. length [cm],0,0,1,1,0,True,False,True,False,"[""1.0""]",[],[],"[""1.0""]"
eriophorum vaginatum|efloras.flora_of_north_america,eriophorum vaginatum,efloras.flora_of_north_america,leaf max. length [cm],0,0,1,1,0,True,False,True,False,"[""1.0""]",[],[],"[""1.0""]"
eriophorum vaginatum|efloras.flora_of_north_america,eriophorum vaginatum,efloras.flora_of_north_america,bract colour,0,0,0,0,0,False,False,False,True,[],[],[],[]
eriophorum vaginatum|efloras.flora_of_north_america,eriophorum vaginatum,efloras.flora_of_north_america,bracteole colour,0,0,0,0,0,False,False,False,True,[],[],[],[]
eriophorum vaginatum|efloras.flora_of_north_america,eriophorum vaginatum,efloras.flora_of_north_america,inflorescence arrangement,0,0,1,1,0,True,False,True,False,"[""spikelet""]",[],[],"[""spikelet""]"
eriophorum vaginatum|efloras.flora_of_north_america,eriophorum vaginatum,efloras.flora_of_north_america,inflorescence orientation,0,0,0,0,0,False,False,False,True,[],[],[],[]
eriophorum vaginatum|efloras.flora_of_north_america,eriophorum vaginatum,efloras.flora_of_north_america,flower sex,0,0,0,0,0,False,False,False,True,[],[],[],[]
eriophorum vaginatum|efloras.flora_of_north_america,eriophorum vaginatum,efloras.flora_of_north_america,flower architecture,0,0,0,0,0,False,False,False,True,[],[],[],[]
eriophorum vaginatum|efloras.flora_of_north_america,eriophorum vaginatum,efloras.flora_of_north_america,flower merosity,0,0,0,0,0,False,False,False,True,[],[],[],[]
eriophorum vaginatum|efloras.flora_of_north_america,eriophorum vaginatum,efloras.flora_of_north_america,flower symmetry,0,0,0,0,0,False,False,False,True,[],[],[],[]
eriophorum vaginatum|efloras.flora_of_north_america,eriophorum vaginatum,efloras.flora_of_north_america,flower shape,0,0,0,0,0,False,False,False,True,[],[],[],[]
eriophorum vaginatum|efloras.flora_of_north_america,eriophorum vaginatum,efloras.flora_of_north_america,flower colour,0,3,0,0,3,False,True,True,False,[],"[""brown"", ""red"", ""white""]","[""brown"", ""red"", ""white""]",[]
eriophorum vaginatum|efloras.flora_of_north_america,eriophorum vaginatum,efloras.flora_of_north_america,flower orientation,0,0,0,0,0,False,False,False,True,[],[],[],[]
eriophorum vaginatum|efloras.flora_of_north_america,eriophorum vaginatum,efloras.flora_of_north_america,petal fusion,0,0,0,0,0,False,False,False,True,[],[],[],[]
eriophorum vaginatum|efloras.flora_of_north_america,eriophorum vaginatum,efloras.flora_of_north_america,petal colour,0,0,0,0,0,False,False,False,True,[],[],[],[]
eriophorum vaginatum|efloras.flora_of_north_america,eriophorum vaginatum,efloras.flora_of_north_america,petal min. width [cm],0,0,0,0,0,False,False,False,True,[],[],[],[]
eriophorum vaginatum|efloras.flora_of_north_america,eriophorum vaginatum,efloras.flora_of_north_america,petal max. width [cm],0,0,0,0,0,False,False,False,True,[],[],[],[]
eriophorum vaginatum|efloras.flora_of_north_america,eriophorum vaginatum,efloras.flora_of_north_america,calyx colour,0,0,0,0,0,False,False,False,True,[],[],[],[]
eriophorum vaginatum|efloras.flora_of_north_america,eriophorum vaginatum,efloras.flora_of_north_america,calyx min. length [cm],0,0,0,0,0,False,False,False,True,[],[],[],[]
eriophorum vaginatum|efloras.flora_of_north_america,eriophorum vaginatum,efloras.flora_of_north_america,calyx max. length [cm],0,0,0,0,0,False,False,False,True,[],[],[],[]
eriophorum vaginatum|efloras.flora_of_north_america,eriophorum vaginatum,efloras.flora_of_north_america,corolla colour,0,0,0,0,0,False,False,False,True,[],[],[],[]
eriophorum vaginatum|efloras.flora_of_north_america,eriophorum vaginatum,efloras.flora_of_north_america,corolla tube min. length [cm],0,0,0,0,0,False,False,False,True,[],[],[],[]
eriophorum vaginatum|efloras.flora_of_north_america,eriophorum vaginatum,efloras.flora_of_north_america,corolla tube max. length [cm],0,0,0,0,0,False,False,False,True,[],[],[],[]
eriophorum vaginatum|efloras.flora_of_north_america,eriophorum vaginatum,efloras.flora_of_north_america,corolla tube lipped,0,0,0,0,0,False,False,False,True,[],[],[],[]
eriophorum vaginatum|efloras.flora_of_north_america,eriophorum vaginatum,efloras.flora_of_north_america,labellum colour,0,0,0,0,0,False,False,False,True,[],[],[],[]
eriophorum vaginatum|efloras.flora_of_north_america,eriophorum vaginatum,efloras.flora_of_north_america,labellum min. width [cm],0,0,0,0,0,False,False,False,True,[],[],[],[]
eriophorum vaginatum|efloras.flora_of_north_america,eriophorum vaginatum,efloras.flora_of_north_america,labellum max. width [cm],0,0,0,0,0,False,False,False,True,[],[],[],[]
eriophorum vaginatum|efloras.flora_of_north_america,eriophorum vaginatum,efloras.flora_of_north_america,spur min. length [cm],0,0,0,0,0,False,False,False,True,[],[],[],[]
eriophorum vaginatum|efloras.flora_of_north_america,eriophorum vaginatum,efloras.flora_of_north_america,spur max. length [cm],0,0,0,0,0,False,False,False,True,[],[],[],[]
eriophorum vaginatum|efloras.flora_of_north_america,eriophorum vaginatum,efloras.flora_of_north_america,reproduction architecture,0,0,0,0,0,False,False,False,True,[],[],[],[]
eriophorum vaginatum|efloras.flora_of_north_america,eriophorum vaginatum,efloras.flora_of_north_america,reproduction system,0,0,0,0,0,False,False,False,True,[],[],[],[]
eriophorum vaginatum|efloras.flora_of_north_america,eriophorum vaginatum,efloras.flora_of_north_america,stamen number,0,0,1,1,0,True,False,True,False,"[""1.0""]",[],[],"[""1.0""]"
eriophorum vaginatum|efloras.flora_of_north_america,eriophorum vaginatum,efloras.flora_of_north_america,stamen arrangement,0,0,0,0,0,False,False,False,True,[],[],[],[]
eriophorum vaginatum|efloras.flora_of_north_america,eriophorum vaginatum,efloras.flora_of_north_america,stamenoid number,0,0,0,0,0,False,False,False,True,[],[],[],[]
eriophorum vaginatum|efloras.flora_of_north_america,eriophorum vaginatum,efloras.flora_of_north_america,stamen min. length [cm],0,0,0,0,0,False,False,False,True,[],[],[],[]
eriophorum vaginatum|efloras.flora_of_north_america,eriophorum vaginatum,efloras.flora_of_north_america,stamen max. length [cm],0,0,0,0,0,False,False,False,True,[],[],[],[]
eriophorum vaginatum|efloras.flora_of_north_america,eriophorum vaginatum,efloras.flora_of_north_america,staminodium,0,0,0,0,0,False,False,False,True,[],[],[],[]
eriophorum vaginatum|efloras.flora_of_north_america,eriophorum vaginatum,efloras.flora_of_north_america,pollen colour,0,0,0,0,0,False,False,False,True,[],[],[],[]
eriophorum vaginatum|efloras.flora_of_north_america,eriophorum vaginatum,efloras.flora_of_north_america,carpel/ovary number,0,0,0,0,0,False,False,False,True,[],[],[],[]
eriophorum vaginatum|efloras.flora_of_north_america,eriophorum vaginatum,efloras.flora_of_north_america,gynoecium arrangement,0,0,0,0,0,False,False,False,True,[],[],[],[]
eriophorum vaginatum|efloras.flora_of_north_america,eriophorum vaginatum,efloras.flora_of_north_america,heterostyly,0,0,0,0,0,False,False,False,True,[],[],[],[]
eriophorum vaginatum|efloras.flora_of_north_america,eriophorum vaginatum,efloras.flora_of_north_america,pollination,0,0,0,0,0,False,False,False,True,[],[],[],[]
eriophorum vaginatum|efloras.flora_of_north_america,eriophorum vaginatum,efloras.flora_of_north_america,reward,0,0,0,0,0,False,False,False,True,[],[],[],[]
eriophorum vaginatum|efloras.flora_of_north_america,eriophorum vaginatum,efloras.flora_of_north_america,fruit type,0,0,1,1,0,True,False,True,False,"[""achene""]",[],[],"[""achene""]"
eriophorum vaginatum|efloras.flora_of_north_america,eriophorum vaginatum,efloras.flora_of_north_america,fruit structure,0,0,0,0,0,False,False,False,True,[],[],[],[]
eriophorum vaginatum|efloras.flora_of_north_america,eriophorum vaginatum,efloras.flora_of_north_america,fruit dehiscence,0,0,0,0,0,False,False,False,True,[],[],[],[]
eriophorum vaginatum|efloras.flora_of_north_america,eriophorum vaginatum,efloras.flora_of_north_america,fruit shape,0,0,2,2,0,True,False,True,False,"[""obovoid"", ""ovoid""]",[],[],"[""obovoid"", ""ovoid""]"
eriophorum vaginatum|efloras.flora_of_north_america,eriophorum vaginatum,efloras.flora_of_north_america,fruit colour,0,0,0,0,0,False,False,False,True,[],[],[],[]
eriophorum vaginatum|efloras.flora_of_north_america,eriophorum vaginatum,efloras.flora_of_north_america,seed colour,0,0,0,0,0,False,False,False,True,[],[],[],[]
eriophorum vaginatum|efloras.flora_of_north_america,eriophorum vaginatum,efloras.flora_of_north_america,seeds per fruit min,0,0,0,0,0,False,False,False,True,[],[],[],[]
eriophorum vaginatum|efloras.flora_of_north_america,eriophorum vaginatum,efloras.flora_of_north_america,seeds per fruit max,0,0,0,0,0,False,False,False,True,[],[],[],[]
eriophorum vaginatum|efloras.flora_of_north_america,eriophorum vaginatum,efloras.flora_of_north_america,seeds per fruit min.,0,0,0,0,0,False,False,False,True,[],[],[],[]
eriophorum vaginatum|efloras.flora_of_north_america,eriophorum vaginatum,efloras.flora_of_north_america,seed min. width [mm],0,0,0,0,0,False,False,False,True,[],[],[],[]
eriophorum vaginatum|efloras.flora_of_north_america,eriophorum vaginatum,efloras.flora_of_north_america,seed max. width [mm],0,0,0,0,0,False,False,False,True,[],[],[],[]
eriophorum vaginatum|efloras.flora_of_north_america,eriophorum vaginatum,efloras.flora_of_north_america,seed min. length [mm],1,0,0,1,1,True,True,True,True,"[""1.9""]","[""1.9""]",[],[]
eriophorum vaginatum|efloras.flora_of_north_america,eriophorum vaginatum,efloras.flora_of_north_america,seed max. length [mm],1,0,0,1,1,True,True,True,True,"[""3.5""]","[""3.5""]",[],[]
eriophorum vaginatum|efloras.flora_of_north_america,eriophorum vaginatum,efloras.flora_of_north_america,seed min. diameter [mm],0,0,0,0,0,False,False,False,True,[],[],[],[]
eriophorum vaginatum|efloras.flora_of_north_america,eriophorum vaginatum,efloras.flora_of_north_america,seed max. diameter [mm],0,0,0,0,0,False,False,False,True,[],[],[],[]
eriophorum vaginatum|efloras.flora_of_north_america,eriophorum vaginatum,efloras.flora_of_north_america,dispersal mode,1,0,0,1,1,True,True,True,True,"[""ectozoochory""]","[""ectozoochory""]",[],[]
eriophorum vaginatum|efloras.flora_of_north_america,eriophorum vaginatum,efloras.flora_of_north_america,ploidy level (2n),2,0,0,2,2,True,True,True,True,"[""58"", ""60""]","[""58"", ""60""]",[],[]
eriophorum vaginatum|efloras.flora_of_north_america,eriophorum vaginatum,efloras.flora_of_north_america,root min. depth [cm],0,0,0,0,0,False,False,False,True,[],[],[],[]
eriophorum vaginatum|efloras.flora_of_north_america,eriophorum vaginatum,efloras.flora_of_north_america,root max. depth [cm],0,0,0,0,0,False,False,False,True,[],[],[],[]
glaux maritima|efloras.flora_of_pakistan,glaux maritima,efloras.flora_of_pakistan,life form,1,0,0,1,1,True,True,True,True,"[""perennial""]","[""perennial""]",[],[]
glaux maritima|efloras.flora_of_pakistan,glaux maritima,efloras.flora_of_pakistan,habitat,1,0,0,1,1,True,True,True,True,"[""terrestrial""]","[""terrestrial""]",[],[]
glaux maritima|efloras.flora_of_pakistan,glaux maritima,efloras.flora_of_pakistan,habit,2,0,0,2,2,True,True,True,True,"[""erect leafy"", ""prostrate""]","[""erect leafy"", ""prostrate""]",[],[]
glaux maritima|efloras.flora_of_pakistan,glaux maritima,efloras.flora_of_pakistan,clonality,2,0,0,2,2,True,True,True,True,"[""solitary plant"", ""stoloniferous""]","[""solitary plant"", ""stoloniferous""]",[],[]
glaux maritima|efloras.flora_of_pakistan,glaux maritima,efloras.flora_of_pakistan,perennial organ,2,0,0,2,2,True,True,True,True,"[""stem"", ""stolon""]","[""stem"", ""stolon""]",[],[]
glaux maritima|efloras.flora_of_pakistan,glaux maritima,efloras.flora_of_pakistan,plant min. height [m],0,0,0,0,0,False,False,False,True,[],[],[],[]
glaux maritima|efloras.flora_of_pakistan,glaux maritima,efloras.flora_of_pakistan,plant max. height [m],0,0,0,0,0,False,False,False,True,[],[],[],[]
glaux maritima|efloras.flora_of_pakistan,glaux maritima,efloras.flora_of_pakistan,indumentum,1,0,0,1,1,True,True,True,True,"[""glandular""]","[""glandular""]",[],[]
glaux maritima|efloras.flora_of_pakistan,glaux maritima,efloras.flora_of_pakistan,spinescence,0,0,0,0,0,False,False,False,True,[],[],[],[]
glaux maritima|efloras.flora_of_pakistan,glaux maritima,efloras.flora_of_pakistan,succulence,1,0,0,1,1,True,True,True,True,"[""fleshy""]","[""fleshy""]",[],[]
glaux maritima|efloras.flora_of_pakistan,glaux maritima,efloras.flora_of_pakistan,leaf arrangement,0,0,0,0,0,False,False,False,True,[],[],[],[]
glaux maritima|efloras.flora_of_pakistan,glaux maritima,efloras.flora_of_pakistan,leaf architecture,0,0,0,0,0,False,False,False,True,[],[],[],[]
glaux maritima|efloras.flora_of_pakistan,glaux maritima,efloras.flora_of_pakistan,leaf position,0,0,0,0,0,False,False,False,True,[],[],[],[]
glaux maritima|efloras.flora_of_pakistan,glaux maritima,efloras.flora_of_pakistan,leaf shape,3,0,0,3,3,True,True,True,True,"[""elliptic"", ""oblong"", ""ovate""]","[""elliptic"", ""oblong"", ""ovate""]",[],[]
glaux maritima|efloras.flora_of_pakistan,glaux maritima,efloras.flora_of_pakistan,leaf apex,3,0,0,3,3,True,True,True,True,"[""acute"", ""attenuate"", ""obtuse""]","[""acute"", ""attenuate"", ""obtuse""]",[],[]
glaux maritima|efloras.flora_of_pakistan,glaux maritima,efloras.flora_of_pakistan,leaf base,0,0,0,0,0,False,False,False,True,[],[],[],[]
glaux maritima|efloras.flora_of_pakistan,glaux maritima,efloras.flora_of_pakistan,leaf margin,0,0,0,0,0,False,False,False,True,[],[],[],[]
glaux maritima|efloras.flora_of_pakistan,glaux maritima,efloras.flora_of_pakistan,leaf min. width [cm],1,0,0,1,1,True,True,True,True,"[""0.25""]","[""0.25""]",[],[]
glaux maritima|efloras.flora_of_pakistan,glaux maritima,efloras.flora_of_pakistan,leaf max. width [cm],1,0,0,1,1,True,True,True,True,"[""0.55""]","[""0.55""]",[],[]
glaux maritima|efloras.flora_of_pakistan,glaux maritima,efloras.flora_of_pakistan,leaf min. length [cm],1,0,0,1,1,True,True,True,True,"[""0.5""]","[""0.5""]",[],[]
glaux maritima|efloras.flora_of_pakistan,glaux maritima,efloras.flora_of_pakistan,leaf max. length [cm],1,0,0,1,1,True,True,True,True,"[""1.2""]","[""1.2""]",[],[]
glaux maritima|efloras.flora_of_pakistan,glaux maritima,efloras.flora_of_pakistan,bract colour,0,0,0,0,0,False,False,False,True,[],[],[],[]
glaux maritima|efloras.flora_of_pakistan,glaux maritima,efloras.flora_of_pakistan,bracteole colour,0,0,0,0,0,False,False,False,True,[],[],[],[]
glaux maritima|efloras.flora_of_pakistan,glaux maritima,efloras.flora_of_pakistan,inflorescence arrangement,1,0,0,1,1,True,True,True,True,"[""single flower/solitary flower""]","[""single flower/solitary flower""]",[],[]
glaux maritima|efloras.flora_of_pakistan,glaux maritima,efloras.flora_of_pakistan,inflorescence orientation,0,0,0,0,0,False,False,False,True,[],[],[],[]
glaux maritima|efloras.flora_of_pakistan,glaux maritima,efloras.flora_of_pakistan,flower sex,0,0,0,0,0,False,False,False,True,[],[],[],[]
glaux maritima|efloras.flora_of_pakistan,glaux maritima,efloras.flora_of_pakistan,flower architecture,0,0,0,0,0,False,False,False,True,[],[],[],[]
glaux maritima|efloras.flora_of_pakistan,glaux maritima,efloras.flora_of_pakistan,flower merosity,0,0,0,0,0,False,False,False,True,[],[],[],[]
glaux maritima|efloras.flora_of_pakistan,glaux maritima,efloras.flora_of_pakistan,flower symmetry,0,0,0,0,0,False,False,False,True,[],[],[],[]
glaux maritima|efloras.flora_of_pakistan,glaux maritima,efloras.flora_of_pakistan,flower shape,0,0,0,0,0,False,False,False,True,[],[],[],[]
glaux maritima|efloras.flora_of_pakistan,glaux maritima,efloras.flora_of_pakistan,flower colour,2,0,0,2,2,True,True,True,True,"[""pink"", ""purple""]","[""pink"", ""purple""]",[],[]
glaux maritima|efloras.flora_of_pakistan,glaux maritima,efloras.flora_of_pakistan,flower orientation,0,0,0,0,0,False,False,False,True,[],[],[],[]
glaux maritima|efloras.flora_of_pakistan,glaux maritima,efloras.flora_of_pakistan,petal fusion,0,0,0,0,0,False,False,False,True,[],[],[],[]
glaux maritima|efloras.flora_of_pakistan,glaux maritima,efloras.flora_of_pakistan,petal colour,0,0,0,0,0,False,False,False,True,[],[],[],[]
glaux maritima|efloras.flora_of_pakistan,glaux maritima,efloras.flora_of_pakistan,petal min. width [cm],0,0,0,0,0,False,False,False,True,[],[],[],[]
glaux maritima|efloras.flora_of_pakistan,glaux maritima,efloras.flora_of_pakistan,petal max. width [cm],0,0,0,0,0,False,False,False,True,[],[],[],[]
glaux maritima|efloras.flora_of_pakistan,glaux maritima,efloras.flora_of_pakistan,calyx colour,0,0,0,0,0,False,False,False,True,[],[],[],[]
glaux maritima|efloras.flora_of_pakistan,glaux maritima,efloras.flora_of_pakistan,calyx min. length [cm],1,0,0,1,1,True,True,True,True,"[""0.35""]","[""0.35""]",[],[]
glaux maritima|efloras.flora_of_pakistan,glaux maritima,efloras.flora_of_pakistan,calyx max. length [cm],1,0,0,1,1,True,True,True,True,"[""0.45""]","[""0.45""]",[],[]
glaux maritima|efloras.flora_of_pakistan,glaux maritima,efloras.flora_of_pakistan,corolla colour,0,0,0,0,0,False,False,False,True,[],[],[],[]
glaux maritima|efloras.flora_of_pakistan,glaux maritima,efloras.flora_of_pakistan,corolla tube min. length [cm],0,0,0,0,0,False,False,False,True,[],[],[],[]
glaux maritima|efloras.flora_of_pakistan,glaux maritima,efloras.flora_of_pakistan,corolla tube max. length [cm],0,0,0,0,0,False,False,False,True,[],[],[],[]
glaux maritima|efloras.flora_of_pakistan,glaux maritima,efloras.flora_of_pakistan,corolla tube lipped,0,0,0,0,0,False,False,False,True,[],[],[],[]
glaux maritima|efloras.flora_of_pakistan,glaux maritima,efloras.flora_of_pakistan,labellum colour,0,0,0,0,0,False,False,False,True,[],[],[],[]
glaux maritima|efloras.flora_of_pakistan,glaux maritima,efloras.flora_of_pakistan,labellum min. width [cm],0,0,0,0,0,False,False,False,True,[],[],[],[]
glaux maritima|efloras.flora_of_pakistan,glaux maritima,efloras.flora_of_pakistan,labellum max. width [cm],0,0,0,0,0,False,False,False,True,[],[],[],[]
glaux maritima|efloras.flora_of_pakistan,glaux maritima,efloras.flora_of_pakistan,spur min. length [cm],0,0,0,0,0,False,False,False,True,[],[],[],[]
glaux maritima|efloras.flora_of_pakistan,glaux maritima,efloras.flora_of_pakistan,spur max. length [cm],0,0,0,0,0,False,False,False,True,[],[],[],[]
glaux maritima|efloras.flora_of_pakistan,glaux maritima,efloras.flora_of_pakistan,reproduction architecture,0,0,0,0,0,False,False,False,True,[],[],[],[]
glaux maritima|efloras.flora_of_pakistan,glaux maritima,efloras.flora_of_pakistan,reproduction system,0,0,0,0,0,False,False,False,True,[],[],[],[]
glaux maritima|efloras.flora_of_pakistan,glaux maritima,efloras.flora_of_pakistan,stamen number,0,0,0,0,0,False,False,False,True,[],[],[],[]
glaux maritima|efloras.flora_of_pakistan,glaux maritima,efloras.flora_of_pakistan,stamen arrangement,0,0,0,0,0,False,False,False,True,[],[],[],[]
glaux maritima|efloras.flora_of_pakistan,glaux maritima,efloras.flora_of_pakistan,stamenoid number,0,0,0,0,0,False,False,False,True,[],[],[],[]
glaux maritima|efloras.flora_of_pakistan,glaux maritima,efloras.flora_of_pakistan,stamen min. length [cm],0,0,0,0,0,False,False,False,True,[],[],[],[]
glaux maritima|efloras.flora_of_pakistan,glaux maritima,efloras.flora_of_pakistan,stamen max. length [cm],0,0,0,0,0,False,False,False,True,[],[],[],[]
glaux maritima|efloras.flora_of_pakistan,glaux maritima,efloras.flora_of_pakistan,staminodium,0,0,0,0,0,False,False,False,True,[],[],[],[]
glaux maritima|efloras.flora_of_pakistan,glaux maritima,efloras.flora_of_pakistan,pollen colour,0,0,0,0,0,False,False,False,True,[],[],[],[]
glaux maritima|efloras.flora_of_pakistan,glaux maritima,efloras.flora_of_pakistan,carpel/ovary number,0,0,0,0,0,False,False,False,True,[],[],[],[]
glaux maritima|efloras.flora_of_pakistan,glaux maritima,efloras.flora_of_pakistan,gynoecium arrangement,0,0,0,0,0,False,False,False,True,[],[],[],[]
glaux maritima|efloras.flora_of_pakistan,glaux maritima,efloras.flora_of_pakistan,heterostyly,0,0,0,0,0,False,False,False,True,[],[],[],[]
glaux maritima|efloras.flora_of_pakistan,glaux maritima,efloras.flora_of_pakistan,pollination,0,0,0,0,0,False,False,False,True,[],[],[],[]
glaux maritima|efloras.flora_of_pakistan,glaux maritima,efloras.flora_of_pakistan,reward,0,0,0,0,0,False,False,False,True,[],[],[],[]
glaux maritima|efloras.flora_of_pakistan,glaux maritima,efloras.flora_of_pakistan,fruit type,1,0,0,1,1,True,True,True,True,"[""capsule""]","[""capsule""]",[],[]
glaux maritima|efloras.flora_of_pakistan,glaux maritima,efloras.flora_of_pakistan,fruit structure,0,1,0,0,1,False,True,True,False,[],"[""dry""]","[""dry""]",[]
glaux maritima|efloras.flora_of_pakistan,glaux maritima,efloras.flora_of_pakistan,fruit dehiscence,0,1,0,0,1,False,True,True,False,[],"[""dehiscent""]","[""dehiscent""]",[]
glaux maritima|efloras.flora_of_pakistan,glaux maritima,efloras.flora_of_pakistan,fruit shape,1,0,0,1,1,True,True,True,True,"[""globose""]","[""globose""]",[],[]
glaux maritima|efloras.flora_of_pakistan,glaux maritima,efloras.flora_of_pakistan,fruit colour,0,0,0,0,0,False,False,False,True,[],[],[],[]
glaux maritima|efloras.flora_of_pakistan,glaux maritima,efloras.flora_of_pakistan,seed colour,1,0,0,1,1,True,True,True,True,"[""red""]","[""red""]",[],[]
glaux maritima|efloras.flora_of_pakistan,glaux maritima,efloras.flora_of_pakistan,seeds per fruit min,0,0,0,0,0,False,False,False,True,[],[],[],[]
glaux maritima|efloras.flora_of_pakistan,glaux maritima,efloras.flora_of_pakistan,seeds per fruit max,0,0,0,0,0,False,False,False,True,[],[],[],[]
glaux maritima|efloras.flora_of_pakistan,glaux maritima,efloras.flora_of_pakistan,seeds per fruit min.,0,0,0,0,0,False,False,False,True,[],[],[],[]
glaux maritima|efloras.flora_of_pakistan,glaux maritima,efloras.flora_of_pakistan,seed min. width [mm],0,0,0,0,0,False,False,False,True,[],[],[],[]
glaux maritima|efloras.flora_of_pakistan,glaux maritima,efloras.flora_of_pakistan,seed max. width [mm],0,0,0,0,0,False,False,False,True,[],[],[],[]
glaux maritima|efloras.flora_of_pakistan,glaux maritima,efloras.flora_of_pakistan,seed min. length [mm],1,0,0,1,1,True,True,True,True,"[""1.2""]","[""1.2""]",[],[]
glaux maritima|efloras.flora_of_pakistan,glaux maritima,efloras.flora_of_pakistan,seed max. length [mm],1,0,0,1,1,True,True,True,True,"[""1.2""]","[""1.2""]",[],[]
glaux maritima|efloras.flora_of_pakistan,glaux maritima,efloras.flora_of_pakistan,seed min. diameter [mm],0,0,0,0,0,False,False,False,True,[],[],[],[]
glaux maritima|efloras.flora_of_pakistan,glaux maritima,efloras.flora_of_pakistan,seed max. diameter [mm],0,0,0,0,0,False,False,False,True,[],[],[],[]
glaux maritima|efloras.flora_of_pakistan,glaux maritima,efloras.flora_of_pakistan,dispersal mode,0,0,0,0,0,False,False,False,True,[],[],[],[]
glaux maritima|efloras.flora_of_pakistan,glaux maritima,efloras.flora_of_pakistan,ploidy level (2n),0,0,0,0,0,False,False,False,True,[],[],[],[]
glaux maritima|efloras.flora_of_pakistan,glaux maritima,efloras.flora_of_pakistan,root min. depth [cm],0,0,0,0,0,False,False,False,True,[],[],[],[]
glaux maritima|efloras.flora_of_pakistan,glaux maritima,efloras.flora_of_pakistan,root max. depth [cm],0,0,0,0,0,False,False,False,True,[],[],[],[]
gymnadenia conopsea|efloras.flora_of_china,gymnadenia conopsea,efloras.flora_of_china,life form,1,0,0,1,1,True,True,True,True,"[""perennial""]","[""perennial""]",[],[]
gymnadenia conopsea|efloras.flora_of_china,gymnadenia conopsea,efloras.flora_of_china,habitat,1,0,0,1,1,True,True,True,True,"[""terrestrial""]","[""terrestrial""]",[],[]
gymnadenia conopsea|efloras.flora_of_china,gymnadenia conopsea,efloras.flora_of_china,habit,1,0,0,1,1,True,True,True,True,"[""erect leafy""]","[""erect leafy""]",[],[]
gymnadenia conopsea|efloras.flora_of_china,gymnadenia conopsea,efloras.flora_of_china,clonality,2,0,0,2,2,True,True,True,True,"[""solitary plant"", ""tuber""]","[""solitary plant"", ""tuber""]",[],[]
gymnadenia conopsea|efloras.flora_of_china,gymnadenia conopsea,efloras.flora_of_china,perennial organ,2,0,0,2,2,True,True,True,True,"[""stem"", ""tuber""]","[""stem"", ""tuber""]",[],[]
gymnadenia conopsea|efloras.flora_of_china,gymnadenia conopsea,efloras.flora_of_china,plant min. height [m],1,0,0,1,1,True,True,True,True,"[""0.2""]","[""0.2""]",[],[]
gymnadenia conopsea|efloras.flora_of_china,gymnadenia conopsea,efloras.flora_of_china,plant max. height [m],1,0,0,1,1,True,True,True,True,"[""0.6""]","[""0.6""]",[],[]
gymnadenia conopsea|efloras.flora_of_china,gymnadenia conopsea,efloras.flora_of_china,indumentum,0,0,0,0,0,False,False,False,True,[],[],[],[]
gymnadenia conopsea|efloras.flora_of_china,gymnadenia conopsea,efloras.flora_of_china,spinescence,0,0,0,0,0,False,False,False,True,[],[],[],[]
gymnadenia conopsea|efloras.flora_of_china,gymnadenia conopsea,efloras.flora_of_china,succulence,0,0,0,0,0,False,False,False,True,[],[],[],[]
gymnadenia conopsea|efloras.flora_of_china,gymnadenia conopsea,efloras.flora_of_china,leaf arrangement,0,0,0,0,0,False,False,False,True,[],[],[],[]
gymnadenia conopsea|efloras.flora_of_china,gymnadenia conopsea,efloras.flora_of_china,leaf architecture,0,0,0,0,0,False,False,False,True,[],[],[],[]
gymnadenia conopsea|efloras.flora_of_china,gymnadenia conopsea,efloras.flora_of_china,leaf position,0,0,0,0,0,False,False,False,True,[],[],[],[]
gymnadenia conopsea|efloras.flora_of_china,gymnadenia conopsea,efloras.flora_of_china,leaf shape,2,0,0,2,2,True,True,True,True,"[""lanceolate"", ""oblong""]","[""lanceolate"", ""oblong""]",[],[]
gymnadenia conopsea|efloras.flora_of_china,gymnadenia conopsea,efloras.flora_of_china,leaf apex,2,0,0,2,2,True,True,True,True,"[""acuminate"", ""obtuse""]","[""acuminate"", ""obtuse""]",[],[]
gymnadenia conopsea|efloras.flora_of_china,gymnadenia conopsea,efloras.flora_of_china,leaf base,0,0,0,0,0,False,False,False,True,[],[],[],[]
gymnadenia conopsea|efloras.flora_of_china,gymnadenia conopsea,efloras.flora_of_china,leaf margin,0,0,0,0,0,False,False,False,True,[],[],[],[]
gymnadenia conopsea|efloras.flora_of_china,gymnadenia conopsea,efloras.flora_of_china,leaf min. width [cm],1,0,0,1,1,True,True,True,True,"[""0.8""]","[""0.8""]",[],[]
gymnadenia conopsea|efloras.flora_of_china,gymnadenia conopsea,efloras.flora_of_china,leaf max. width [cm],1,0,0,1,1,True,True,True,True,"[""2.5""]","[""2.5""]",[],[]
gymnadenia conopsea|efloras.flora_of_china,gymnadenia conopsea,efloras.flora_of_china,leaf min. length [cm],1,0,0,1,1,True,True,True,True,"[""5.5""]","[""5.5""]",[],[]
gymnadenia conopsea|efloras.flora_of_china,gymnadenia conopsea,efloras.flora_of_china,leaf max. length [cm],1,0,0,1,1,True,True,True,True,"[""20.0""]","[""20.0""]",[],[]
gymnadenia conopsea|efloras.flora_of_china,gymnadenia conopsea,efloras.flora_of_china,bract colour,0,0,0,0,0,False,False,False,True,[],[],[],[]
gymnadenia conopsea|efloras.flora_of_china,gymnadenia conopsea,efloras.flora_of_china,bracteole colour,0,0,0,0,0,False,False,False,True,[],[],[],[]
gymnadenia conopsea|efloras.flora_of_china,gymnadenia conopsea,efloras.flora_of_china,inflorescence arrangement,0,0,0,0,0,False,False,False,True,[],[],[],[]
gymnadenia conopsea|efloras.flora_of_china,gymnadenia conopsea,efloras.flora_of_china,inflorescence orientation,0,0,0,0,0,False,False,False,True,[],[],[],[]
gymnadenia conopsea|efloras.flora_of_china,gymnadenia conopsea,efloras.flora_of_china,flower sex,0,0,0,0,0,False,False,False,True,[],[],[],[]
gymnadenia conopsea|efloras.flora_of_china,gymnadenia conopsea,efloras.flora_of_china,flower architecture,0,0,0,0,0,False,False,False,True,[],[],[],[]
gymnadenia conopsea|efloras.flora_of_china,gymnadenia conopsea,efloras.flora_of_china,flower merosity,0,0,0,0,0,False,False,False,True,[],[],[],[]
gymnadenia conopsea|efloras.flora_of_china,gymnadenia conopsea,efloras.flora_of_china,flower symmetry,0,0,0,0,0,False,False,False,True,[],[],[],[]
gymnadenia conopsea|efloras.flora_of_china,gymnadenia conopsea,efloras.flora_of_china,flower shape,0,0,0,0,0,False,False,False,True,[],[],[],[]
gymnadenia conopsea|efloras.flora_of_china,gymnadenia conopsea,efloras.flora_of_china,flower colour,2,0,0,2,2,True,True,True,True,"[""pink"", ""white""]","[""pink"", ""white""]",[],[]
gymnadenia conopsea|efloras.flora_of_china,gymnadenia conopsea,efloras.flora_of_china,flower orientation,0,0,0,0,0,False,False,False,True,[],[],[],[]
gymnadenia conopsea|efloras.flora_of_china,gymnadenia conopsea,efloras.flora_of_china,petal fusion,0,0,0,0,0,False,False,False,True,[],[],[],[]
gymnadenia conopsea|efloras.flora_of_china,gymnadenia conopsea,efloras.flora_of_china,petal colour,0,0,0,0,0,False,False,False,True,[],[],[],[]
gymnadenia conopsea|efloras.flora_of_china,gymnadenia conopsea,efloras.flora_of_china,petal min. width [cm],1,0,0,1,1,True,True,True,True,"[""0.3""]","[""0.3""]",[],[]
gymnadenia conopsea|efloras.flora_of_china,gymnadenia conopsea,efloras.flora_of_china,petal max. width [cm],1,0,0,1,1,True,True,True,True,"[""0.4""]","[""0.4""]",[],[]
gymnadenia conopsea|efloras.flora_of_china,gymnadenia conopsea,efloras.flora_of_china,calyx colour,0,0,0,0,0,False,False,False,True,[],[],[],[]
gymnadenia conopsea|efloras.flora_of_china,gymnadenia conopsea,efloras.flora_of_china,calyx min. length [cm],0,0,0,0,0,False,False,False,True,[],[],[],[]
gymnadenia conopsea|efloras.flora_of_china,gymnadenia conopsea,efloras.flora_of_china,calyx max. length [cm],0,0,0,0,0,False,False,False,True,[],[],[],[]
gymnadenia conopsea|efloras.flora_of_china,gymnadenia conopsea,efloras.flora_of_china,corolla colour,0,0,0,0,0,False,False,False,True,[],[],[],[]
gymnadenia conopsea|efloras.flora_of_china,gymnadenia conopsea,efloras.flora_of_china,corolla tube min. length [cm],0,0,0,0,0,False,False,False,True,[],[],[],[]
gymnadenia conopsea|efloras.flora_of_china,gymnadenia conopsea,efloras.flora_of_china,corolla tube max. length [cm],0,0,0,0,0,False,False,False,True,[],[],[],[]
gymnadenia conopsea|efloras.flora_of_china,gymnadenia conopsea,efloras.flora_of_china,corolla tube lipped,0,0,0,0,0,False,False,False,True,[],[],[],[]
gymnadenia conopsea|efloras.flora_of_china,gymnadenia conopsea,efloras.flora_of_china,labellum colour,0,0,0,0,0,False,False,False,True,[],[],[],[]
gymnadenia conopsea|efloras.flora_of_china,gymnadenia conopsea,efloras.flora_of_china,labellum min. width [cm],0,1,0,0,1,False,True,True,False,[],"[""0.4""]","[""0.4""]",[]
gymnadenia conopsea|efloras.flora_of_china,gymnadenia conopsea,efloras.flora_of_china,labellum max. width [cm],0,1,0,0,1,False,True,True,False,[],"[""0.4""]","[""0.4""]",[]
gymnadenia conopsea|efloras.flora_of_china,gymnadenia conopsea,efloras.flora_of_china,spur min. length [cm],0,1,0,0,1,False,True,True,False,[],"[""1.0""]","[""1.0""]",[]
gymnadenia conopsea|efloras.flora_of_china,gymnadenia conopsea,efloras.flora_of_china,spur max. length [cm],0,1,0,0,1,False,True,True,False,[],"[""1.4""]","[""1.4""]",[]
gymnadenia conopsea|efloras.flora_of_china,gymnadenia conopsea,efloras.flora_of_china,reproduction architecture,0,0,0,0,0,False,False,False,True,[],[],[],[]
gymnadenia conopsea|efloras.flora_of_china,gymnadenia conopsea,efloras.flora_of_china,reproduction system,0,0,0,0,0,False,False,False,True,[],[],[],[]
gymnadenia conopsea|efloras.flora_of_china,gymnadenia conopsea,efloras.flora_of_china,stamen number,0,0,0,0,0,False,False,False,True,[],[],[],[]
gymnadenia conopsea|efloras.flora_of_china,gymnadenia conopsea,efloras.flora_of_china,stamen arrangement,0,0,0,0,0,False,False,False,True,[],[],[],[]
gymnadenia conopsea|efloras.flora_of_china,gymnadenia conopsea,efloras.flora_of_china,stamenoid number,0,0,0,0,0,False,False,False,True,[],[],[],[]
gymnadenia conopsea|efloras.flora_of_china,gymnadenia conopsea,efloras.flora_of_china,stamen min. length [cm],0,0,0,0,0,False,False,False,True,[],[],[],[]
gymnadenia conopsea|efloras.flora_of_china,gymnadenia conopsea,efloras.flora_of_china,stamen max. length [cm],0,0,0,0,0,False,False,False,True,[],[],[],[]
gymnadenia conopsea|efloras.flora_of_china,gymnadenia conopsea,efloras.flora_of_china,staminodium,0,0,0,0,0,False,False,False,True,[],[],[],[]
gymnadenia conopsea|efloras.flora_of_china,gymnadenia conopsea,efloras.flora_of_china,pollen colour,0,0,0,0,0,False,False,False,True,[],[],[],[]
gymnadenia conopsea|efloras.flora_of_china,gymnadenia conopsea,efloras.flora_of_china,carpel/ovary number,0,0,0,0,0,False,False,False,True,[],[],[],[]
gymnadenia conopsea|efloras.flora_of_china,gymnadenia conopsea,efloras.flora_of_china,gynoecium arrangement,0,0,0,0,0,False,False,False,True,[],[],[],[]
gymnadenia conopsea|efloras.flora_of_china,gymnadenia conopsea,efloras.flora_of_china,heterostyly,0,0,0,0,0,False,False,False,True,[],[],[],[]
gymnadenia conopsea|efloras.flora_of_china,gymnadenia conopsea,efloras.flora_of_china,pollination,0,0,0,0,0,False,False,False,True,[],[],[],[]
gymnadenia conopsea|efloras.flora_of_china,gymnadenia conopsea,efloras.flora_of_china,reward,0,0,0,0,0,False,False,False,True,[],[],[],[]
gymnadenia conopsea|efloras.flora_of_china,gymnadenia conopsea,efloras.flora_of_china,fruit type,0,0,0,0,0,False,False,False,True,[],[],[],[]
gymnadenia conopsea|efloras.flora_of_china,gymnadenia conopsea,efloras.flora_of_china,fruit structure,0,0,0,0,0,False,False,False,True,[],[],[],[]
gymnadenia conopsea|efloras.flora_of_china,gymnadenia conopsea,efloras.flora_of_china,fruit dehiscence,0,0,0,0,0,False,False,False,True,[],[],[],[]
gymnadenia conopsea|efloras.flora_of_china,gymnadenia conopsea,efloras.flora_of_china,fruit shape,0,0,0,0,0,False,False,False,True,[],[],[],[]
gymnadenia conopsea|efloras.flora_of_china,gymnadenia conopsea,efloras.flora_of_china,fruit colour,0,0,0,0,0,False,False,False,True,[],[],[],[]
gymnadenia conopsea|efloras.flora_of_china,gymnadenia conopsea,efloras.flora_of_china,seed colour,0,0,0,0,0,False,False,False,True,[],[],[],[]
gymnadenia conopsea|efloras.flora_of_china,gymnadenia conopsea,efloras.flora_of_china,seeds per fruit min,0,0,0,0,0,False,False,False,True,[],[],[],[]
gymnadenia conopsea|efloras.flora_of_china,gymnadenia conopsea,efloras.flora_of_china,seeds per fruit max,0,0,0,0,0,False,False,False,True,[],[],[],[]
gymnadenia conopsea|efloras.flora_of_china,gymnadenia conopsea,efloras.flora_of_china,seeds per fruit min.,0,0,0,0,0,False,False,False,True,[],[],[],[]
gymnadenia conopsea|efloras.flora_of_china,gymnadenia conopsea,efloras.flora_of_china,seed min. width [mm],0,0,0,0,0,False,False,False,True,[],[],[],[]
gymnadenia conopsea|efloras.flora_of_china,gymnadenia conopsea,efloras.flora_of_china,seed max. width [mm],0,0,0,0,0,False,False,False,True,[],[],[],[]
gymnadenia conopsea|efloras.flora_of_china,gymnadenia conopsea,efloras.flora_of_china,seed min. length [mm],0,0,0,0,0,False,False,False,True,[],[],[],[]
gymnadenia conopsea|efloras.flora_of_china,gymnadenia conopsea,efloras.flora_of_china,seed max. length [mm],0,0,0,0,0,False,False,False,True,[],[],[],[]
gymnadenia conopsea|efloras.flora_of_china,gymnadenia conopsea,efloras.flora_of_china,seed min. diameter [mm],0,0,0,0,0,False,False,False,True,[],[],[],[]
gymnadenia conopsea|efloras.flora_of_china,gymnadenia conopsea,efloras.flora_of_china,seed max. diameter [mm],0,0,0,0,0,False,False,False,True,[],[],[],[]
gymnadenia conopsea|efloras.flora_of_china,gymnadenia conopsea,efloras.flora_of_china,dispersal mode,0,0,0,0,0,False,False,False,True,[],[],[],[]
gymnadenia conopsea|efloras.flora_of_china,gymnadenia conopsea,efloras.flora_of_china,ploidy level (2n),6,0,0,6,6,True,True,True,True,"[""100"", ""120"", ""30"", ""40"", ""42"", ""80""]","[""100"", ""120"", ""30"", ""40"", ""42"", ""80""]",[],[]
gymnadenia conopsea|efloras.flora_of_china,gymnadenia conopsea,efloras.flora_of_china,root min. depth [cm],0,0,0,0,0,False,False,False,True,[],[],[],[]
gymnadenia conopsea|efloras.flora_of_china,gymnadenia conopsea,efloras.flora_of_china,root max. depth [cm],0,0,0,0,0,False,False,False,True,[],[],[],[]
holcus mollis|ecoflora,holcus mollis,ecoflora,life form,1,0,0,1,1,True,True,True,True,"[""perennial""]","[""perennial""]",[],[]
holcus mollis|ecoflora,holcus mollis,ecoflora,habitat,1,0,0,1,1,True,True,True,True,"[""terrestrial""]","[""terrestrial""]",[],[]
holcus mollis|ecoflora,holcus mollis,ecoflora,habit,2,1,0,2,3,True,True,True,False,"[""erect leafy/tussock"", ""scrambler""]","[""erect leafy/tussock"", ""scrambler"", ""tussock""]","[""tussock""]",[]
holcus mollis|ecoflora,holcus mollis,ecoflora,clonality,2,0,0,2,2,True,True,True,True,"[""rhizomatous"", ""stoloniferous""]","[""rhizomatous"", ""stoloniferous""]",[],[]
holcus mollis|ecoflora,holcus mollis,ecoflora,perennial organ,2,0,0,2,2,True,True,True,True,"[""rhizome"", ""stolon""]","[""rhizome"", ""stolon""]",[],[]
holcus mollis|ecoflora,holcus mollis,ecoflora,plant min. height [m],1,0,0,1,1,True,True,True,True,"[""0.2""]","[""0.2""]",[],[]
holcus mollis|ecoflora,holcus mollis,ecoflora,plant max. height [m],1,0,0,1,1,True,True,True,True,"[""0.6""]","[""0.6""]",[],[]
holcus mollis|ecoflora,holcus mollis,ecoflora,indumentum,0,0,4,4,0,True,False,True,False,"[""ciliate"", ""glabrous"", ""hairy"", ""pubescent""]",[],[],"[""ciliate"", ""glabrous"", ""hairy"", ""pubescent""]"
holcus mollis|ecoflora,holcus mollis,ecoflora,spinescence,0,0,1,1,0,True,False,True,False,"[""spinescent""]",[],[],"[""spinescent""]"
holcus mollis|ecoflora,holcus mollis,ecoflora,succulence,0,0,0,0,0,False,False,False,True,[],[],[],[]
holcus mollis|ecoflora,holcus mollis,ecoflora,leaf arrangement,0,0,0,0,0,False,False,False,True,[],[],[],[]
holcus mollis|ecoflora,holcus mollis,ecoflora,leaf architecture,1,0,0,1,1,True,True,True,True,"[""flat""]","[""flat""]",[],[]
holcus mollis|ecoflora,holcus mollis,ecoflora,leaf position,0,0,0,0,0,False,False,False,True,[],[],[],[]
holcus mollis|ecoflora,holcus mollis,ecoflora,leaf shape,0,0,0,0,0,False,False,False,True,[],[],[],[]
holcus mollis|ecoflora,holcus mollis,ecoflora,leaf apex,1,0,0,1,1,True,True,True,True,"[""acute""]","[""acute""]",[],[]
holcus mollis|ecoflora,holcus mollis,ecoflora,leaf base,0,0,0,0,0,False,False,False,True,[],[],[],[]
holcus mollis|ecoflora,holcus mollis,ecoflora,leaf margin,0,0,0,0,0,False,False,False,True,[],[],[],[]
holcus mollis|ecoflora,holcus mollis,ecoflora,leaf min. width [cm],1,0,0,1,1,True,True,True,True,"[""0.3""]","[""0.3""]",[],[]
holcus mollis|ecoflora,holcus mollis,ecoflora,leaf max. width [cm],1,0,0,1,1,True,True,True,True,"[""1.2""]","[""1.2""]",[],[]
holcus mollis|ecoflora,holcus mollis,ecoflora,leaf min. length [cm],1,0,0,1,1,True,True,True,True,"[""4.0""]","[""4.0""]",[],[]
holcus mollis|ecoflora,holcus mollis,ecoflora,leaf max. length [cm],1,0,0,1,1,True,True,True,True,"[""20.0""]","[""20.0""]",[],[]
holcus mollis|ecoflora,holcus mollis,ecoflora,bract colour,0,0,0,0,0,False,False,False,True,[],[],[],[]
holcus mollis|ecoflora,holcus mollis,ecoflora,bracteole colour,0,0,0,0,0,False,False,False,True,[],[],[],[]
holcus mollis|ecoflora,holcus mollis,ecoflora,inflorescence arrangement,0,0,2,2,0,True,False,True,False,"[""panicle"", ""spikelet""]",[],[],"[""panicle"", ""spikelet""]"
holcus mollis|ecoflora,holcus mollis,ecoflora,inflorescence orientation,0,0,0,0,0,False,False,False,True,[],[],[],[]
holcus mollis|ecoflora,holcus mollis,ecoflora,flower sex,0,0,1,1,0,True,False,True,False,"[""bisexual""]",[],[],"[""bisexual""]"
holcus mollis|ecoflora,holcus mollis,ecoflora,flower architecture,0,0,0,0,0,False,False,False,True,[],[],[],[]
holcus mollis|ecoflora,holcus mollis,ecoflora,flower merosity,0,0,0,0,0,False,False,False,True,[],[],[],[]
holcus mollis|ecoflora,holcus mollis,ecoflora,flower symmetry,0,0,0,0,0,False,False,False,True,[],[],[],[]
holcus mollis|ecoflora,holcus mollis,ecoflora,flower shape,0,0,0,0,0,False,False,False,True,[],[],[],[]
holcus mollis|ecoflora,holcus mollis,ecoflora,flower colour,0,0,0,0,0,False,False,False,True,[],[],[],[]
holcus mollis|ecoflora,holcus mollis,ecoflora,flower orientation,0,0,0,0,0,False,False,False,True,[],[],[],[]
holcus mollis|ecoflora,holcus mollis,ecoflora,petal fusion,0,0,0,0,0,False,False,False,True,[],[],[],[]
holcus mollis|ecoflora,holcus mollis,ecoflora,petal colour,0,0,0,0,0,False,False,False,True,[],[],[],[]
holcus mollis|ecoflora,holcus mollis,ecoflora,petal min. width [cm],0,0,0,0,0,False,False,False,True,[],[],[],[]
holcus mollis|ecoflora,holcus mollis,ecoflora,petal max. width [cm],0,0,0,0,0,False,False,False,True,[],[],[],[]
holcus mollis|ecoflora,holcus mollis,ecoflora,calyx colour,0,0,0,0,0,False,False,False,True,[],[],[],[]
holcus mollis|ecoflora,holcus mollis,ecoflora,calyx min. length [cm],0,0,0,0,0,False,False,False,True,[],[],[],[]
holcus mollis|ecoflora,holcus mollis,ecoflora,calyx max. length [cm],0,0,0,0,0,False,False,False,True,[],[],[],[]
holcus mollis|ecoflora,holcus mollis,ecoflora,corolla colour,0,0,0,0,0,False,False,False,True,[],[],[],[]
holcus mollis|ecoflora,holcus mollis,ecoflora,corolla tube min. length [cm],0,0,0,0,0,False,False,False,True,[],[],[],[]
holcus mollis|ecoflora,holcus mollis,ecoflora,corolla tube max. length [cm],0,0,0,0,0,False,False,False,True,[],[],[],[]
holcus mollis|ecoflora,holcus mollis,ecoflora,corolla tube lipped,0,0,0,0,0,False,False,False,True,[],[],[],[]
holcus mollis|ecoflora,holcus mollis,ecoflora,labellum colour,0,0,0,0,0,False,False,False,True,[],[],[],[]
holcus mollis|ecoflora,holcus mollis,ecoflora,labellum min. width [cm],0,0,0,0,0,False,False,False,True,[],[],[],[]
holcus mollis|ecoflora,holcus mollis,ecoflora,labellum max. width [cm],0,0,0,0,0,False,False,False,True,[],[],[],[]
holcus mollis|ecoflora,holcus mollis,ecoflora,spur min. length [cm],0,0,0,0,0,False,False,False,True,[],[],[],[]
holcus mollis|ecoflora,holcus mollis,ecoflora,spur max. length [cm],0,0,0,0,0,False,False,False,True,[],[],[],[]
holcus mollis|ecoflora,holcus mollis,ecoflora,reproduction architecture,0,0,0,0,0,False,False,False,True,[],[],[],[]
holcus mollis|ecoflora,holcus mollis,ecoflora,reproduction system,1,0,0,1,1,True,True,True,True,"[""monoecious""]","[""monoecious""]",[],[]
holcus mollis|ecoflora,holcus mollis,ecoflora,stamen number,0,0,0,0,0,False,False,False,True,[],[],[],[]
holcus mollis|ecoflora,holcus mollis,ecoflora,stamen arrangement,0,0,0,0,0,False,False,False,True,[],[],[],[]
holcus mollis|ecoflora,holcus mollis,ecoflora,stamenoid number,0,0,0,0,0,False,False,False,True,[],[],[],[]
holcus mollis|ecoflora,holcus mollis,ecoflora,stamen min. length [cm],0,0,0,0,0,False,False,False,True,[],[],[],[]
holcus mollis|ecoflora,holcus mollis,ecoflora,stamen max. length [cm],0,0,0,0,0,False,False,False,True,[],[],[],[]
holcus mollis|ecoflora,holcus mollis,ecoflora,staminodium,0,0,0,0,0,False,False,False,True,[],[],[],[]
holcus mollis|ecoflora,holcus mollis,ecoflora,pollen colour,0,0,0,0,0,False,False,False,True,[],[],[],[]
holcus mollis|ecoflora,holcus mollis,ecoflora,carpel/ovary number,0,0,0,0,0,False,False,False,True,[],[],[],[]
holcus mollis|ecoflora,holcus mollis,ecoflora,gynoecium arrangement,0,0,0,0,0,False,False,False,True,[],[],[],[]
holcus mollis|ecoflora,holcus mollis,ecoflora,heterostyly,0,0,0,0,0,False,False,False,True,[],[],[],[]
holcus mollis|ecoflora,holcus mollis,ecoflora,pollination,0,0,0,0,0,False,False,False,True,[],[],[],[]
holcus mollis|ecoflora,holcus mollis,ecoflora,reward,0,0,0,0,0,False,False,False,True,[],[],[],[]
holcus mollis|ecoflora,holcus mollis,ecoflora,fruit type,0,0,0,0,0,False,False,False,True,[],[],[],[]
holcus mollis|ecoflora,holcus mollis,ecoflora,fruit structure,0,0,0,0,0,False,False,False,True,[],[],[],[]
holcus mollis|ecoflora,holcus mollis,ecoflora,fruit dehiscence,0,0,0,0,0,False,False,False,True,[],[],[],[]
holcus mollis|ecoflora,holcus mollis,ecoflora,fruit shape,0,0,0,0,0,False,False,False,True,[],[],[],[]
holcus mollis|ecoflora,holcus mollis,ecoflora,fruit colour,0,0,0,0,0,False,False,False,True,[],[],[],[]
holcus mollis|ecoflora,holcus mollis,ecoflora,seed colour,0,0,0,0,0,False,False,False,True,[],[],[],[]
holcus mollis|ecoflora,holcus mollis,ecoflora,seeds per fruit min,0,0,0,0,0,False,False,False,True,[],[],[],[]
holcus mollis|ecoflora,holcus mollis,ecoflora,seeds per fruit max,0,0,0,0,0,False,False,False,True,[],[],[],[]
holcus mollis|ecoflora,holcus mollis,ecoflora,seeds per fruit min.,0,0,0,0,0,False,False,False,True,[],[],[],[]
holcus mollis|ecoflora,holcus mollis,ecoflora,seed min. width [mm],0,0,0,0,0,False,False,False,True,[],[],[],[]
holcus mollis|ecoflora,holcus mollis,ecoflora,seed max. width [mm],0,0,0,0,0,False,False,False,True,[],[],[],[]
holcus mollis|ecoflora,holcus mollis,ecoflora,seed min. length [mm],0,0,0,0,0,False,False,False,True,[],[],[],[]
holcus mollis|ecoflora,holcus mollis,ecoflora,seed max. length [mm],0,0,0,0,0,False,False,False,True,[],[],[],[]
holcus mollis|ecoflora,holcus mollis,ecoflora,seed min. diameter [mm],0,0,0,0,0,False,False,False,True,[],[],[],[]
holcus mollis|ecoflora,holcus mollis,ecoflora,seed max. diameter [mm],0,0,0,0,0,False,False,False,True,[],[],[],[]
holcus mollis|ecoflora,holcus mollis,ecoflora,dispersal mode,1,0,0,1,1,True,True,True,True,"[""ectozoochory""]","[""ectozoochory""]",[],[]
holcus mollis|ecoflora,holcus mollis,ecoflora,ploidy level (2n),0,0,0,0,0,False,False,False,True,[],[],[],[]
holcus mollis|ecoflora,holcus mollis,ecoflora,root min. depth [cm],0,0,0,0,0,False,False,False,True,[],[],[],[]
holcus mollis|ecoflora,holcus mollis,ecoflora,root max. depth [cm],0,0,0,0,0,False,False,False,True,[],[],[],[]
hydrocotyle vulgaris|ecoflora,hydrocotyle vulgaris,ecoflora,life form,1,0,0,1,1,True,True,True,True,"[""perennial""]","[""perennial""]",[],[]
hydrocotyle vulgaris|ecoflora,hydrocotyle vulgaris,ecoflora,habitat,1,0,0,1,1,True,True,True,True,"[""terrestrial""]","[""terrestrial""]",[],[]
hydrocotyle vulgaris|ecoflora,hydrocotyle vulgaris,ecoflora,habit,1,0,0,1,1,True,True,True,True,"[""scrambler""]","[""scrambler""]",[],[]
hydrocotyle vulgaris|ecoflora,hydrocotyle vulgaris,ecoflora,clonality,1,0,0,1,1,True,True,True,True,"[""stoloniferous""]","[""stoloniferous""]",[],[]
hydrocotyle vulgaris|ecoflora,hydrocotyle vulgaris,ecoflora,perennial organ,1,0,0,1,1,True,True,True,True,"[""stolon""]","[""stolon""]",[],[]
hydrocotyle vulgaris|ecoflora,hydrocotyle vulgaris,ecoflora,plant min. height [m],0,0,0,0,0,False,False,False,True,[],[],[],[]
hydrocotyle vulgaris|ecoflora,hydrocotyle vulgaris,ecoflora,plant max. height [m],0,0,0,0,0,False,False,False,True,[],[],[],[]
hydrocotyle vulgaris|ecoflora,hydrocotyle vulgaris,ecoflora,indumentum,0,0,1,1,0,True,False,True,False,"[""hairy""]",[],[],"[""hairy""]"
hydrocotyle vulgaris|ecoflora,hydrocotyle vulgaris,ecoflora,spinescence,0,0,0,0,0,False,False,False,True,[],[],[],[]
hydrocotyle vulgaris|ecoflora,hydrocotyle vulgaris,ecoflora,succulence,0,0,0,0,0,False,False,False,True,[],[],[],[]
hydrocotyle vulgaris|ecoflora,hydrocotyle vulgaris,ecoflora,leaf arrangement,0,0,0,0,0,False,False,False,True,[],[],[],[]
hydrocotyle vulgaris|ecoflora,hydrocotyle vulgaris,ecoflora,leaf architecture,1,0,0,1,1,True,True,True,True,"[""peltate""]","[""peltate""]",[],[]
hydrocotyle vulgaris|ecoflora,hydrocotyle vulgaris,ecoflora,leaf position,0,0,0,0,0,False,False,False,True,[],[],[],[]
hydrocotyle vulgaris|ecoflora,hydrocotyle vulgaris,ecoflora,leaf shape,1,1,0,1,2,True,True,True,False,"[""orbicular""]","[""orbicular"", ""peltate""]","[""peltate""]",[]
hydrocotyle vulgaris|ecoflora,hydrocotyle vulgaris,ecoflora,leaf apex,0,0,0,0,0,False,False,False,True,[],[],[],[]
hydrocotyle vulgaris|ecoflora,hydrocotyle vulgaris,ecoflora,leaf base,0,1,0,0,1,False,True,True,False,[],"[""orbicular""]","[""orbicular""]",[]
hydrocotyle vulgaris|ecoflora,hydrocotyle vulgaris,ecoflora,leaf margin,1,0,0,1,1,True,True,True,True,"[""crenate""]","[""crenate""]",[],[]
hydrocotyle vulgaris|ecoflora,hydrocotyle vulgaris,ecoflora,leaf min. width [cm],0,0,0,0,0,False,False,False,True,[],[],[],[]
hydrocotyle vulgaris|ecoflora,hydrocotyle vulgaris,ecoflora,leaf max. width [cm],0,0,0,0,0,False,False,False,True,[],[],[],[]
hydrocotyle vulgaris|ecoflora,hydrocotyle vulgaris,ecoflora,leaf min. length [cm],0,0,0,0,0,False,False,False,True,[],[],[],[]
hydrocotyle vulgaris|ecoflora,hydrocotyle vulgaris,ecoflora,leaf max. length [cm],0,0,0,0,0,False,False,False,True,[],[],[],[]
hydrocotyle vulgaris|ecoflora,hydrocotyle vulgaris,ecoflora,bract colour,0,0,0,0,0,False,False,False,True,[],[],[],[]
hydrocotyle vulgaris|ecoflora,hydrocotyle vulgaris,ecoflora,bracteole colour,0,0,0,0,0,False,False,False,True,[],[],[],[]
hydrocotyle vulgaris|ecoflora,hydrocotyle vulgaris,ecoflora,inflorescence arrangement,0,0,1,1,0,True,False,True,False,"[""umbel""]",[],[],"[""umbel""]"
hydrocotyle vulgaris|ecoflora,hydrocotyle vulgaris,ecoflora,inflorescence orientation,0,0,0,0,0,False,False,False,True,[],[],[],[]
hydrocotyle vulgaris|ecoflora,hydrocotyle vulgaris,ecoflora,flower sex,1,0,0,1,1,True,True,True,True,"[""bisexual""]","[""bisexual""]",[],[]
hydrocotyle vulgaris|ecoflora,hydrocotyle vulgaris,ecoflora,flower architecture,0,0,0,0,0,False,False,False,True,[],[],[],[]
hydrocotyle vulgaris|ecoflora,hydrocotyle vulgaris,ecoflora,flower merosity,0,0,0,0,0,False,False,False,True,[],[],[],[]
hydrocotyle vulgaris|ecoflora,hydrocotyle vulgaris,ecoflora,flower symmetry,0,0,0,0,0,False,False,False,True,[],[],[],[]
hydrocotyle vulgaris|ecoflora,hydrocotyle vulgaris,ecoflora,flower shape,0,0,0,0,0,False,False,False,True,[],[],[],[]
hydrocotyle vulgaris|ecoflora,hydrocotyle vulgaris,ecoflora,flower colour,0,0,0,0,0,False,False,False,True,[],[],[],[]
hydrocotyle vulgaris|ecoflora,hydrocotyle vulgaris,ecoflora,flower orientation,0,0,0,0,0,False,False,False,True,[],[],[],[]
hydrocotyle vulgaris|ecoflora,hydrocotyle vulgaris,ecoflora,petal fusion,0,0,0,0,0,False,False,False,True,[],[],[],[]
hydrocotyle vulgaris|ecoflora,hydrocotyle vulgaris,ecoflora,petal colour,3,0,0,3,3,True,True,True,True,"[""green"", ""pink"", ""white""]","[""green"", ""pink"", ""white""]",[],[]
hydrocotyle vulgaris|ecoflora,hydrocotyle vulgaris,ecoflora,petal min. width [cm],0,0,0,0,0,False,False,False,True,[],[],[],[]
hydrocotyle vulgaris|ecoflora,hydrocotyle vulgaris,ecoflora,petal max. width [cm],0,0,0,0,0,False,False,False,True,[],[],[],[]
hydrocotyle vulgaris|ecoflora,hydrocotyle vulgaris,ecoflora,calyx colour,0,0,0,0,0,False,False,False,True,[],[],[],[]
hydrocotyle vulgaris|ecoflora,hydrocotyle vulgaris,ecoflora,calyx min. length [cm],0,0,0,0,0,False,False,False,True,[],[],[],[]
hydrocotyle vulgaris|ecoflora,hydrocotyle vulgaris,ecoflora,calyx max. length [cm],0,0,0,0,0,False,False,False,True,[],[],[],[]
hydrocotyle vulgaris|ecoflora,hydrocotyle vulgaris,ecoflora,corolla colour,0,0,0,0,0,False,False,False,True,[],[],[],[]
hydrocotyle vulgaris|ecoflora,hydrocotyle vulgaris,ecoflora,corolla tube min. length [cm],0,0,0,0,0,False,False,False,True,[],[],[],[]
hydrocotyle vulgaris|ecoflora,hydrocotyle vulgaris,ecoflora,corolla tube max. length [cm],0,0,0,0,0,False,False,False,True,[],[],[],[]
hydrocotyle vulgaris|ecoflora,hydrocotyle vulgaris,ecoflora,corolla tube lipped,0,0,0,0,0,False,False,False,True,[],[],[],[]
hydrocotyle vulgaris|ecoflora,hydrocotyle vulgaris,ecoflora,labellum colour,0,0,0,0,0,False,False,False,True,[],[],[],[]
hydrocotyle vulgaris|ecoflora,hydrocotyle vulgaris,ecoflora,labellum min. width [cm],0,0,0,0,0,False,False,False,True,[],[],[],[]
hydrocotyle vulgaris|ecoflora,hydrocotyle vulgaris,ecoflora,labellum max. width [cm],0,0,0,0,0,False,False,False,True,[],[],[],[]
hydrocotyle vulgaris|ecoflora,hydrocotyle vulgaris,ecoflora,spur min. length [cm],0,0,0,0,0,False,False,False,True,[],[],[],[]
hydrocotyle vulgaris|ecoflora,hydrocotyle vulgaris,ecoflora,spur max. length [cm],0,0,0,0,0,False,False,False,True,[],[],[],[]
hydrocotyle vulgaris|ecoflora,hydrocotyle vulgaris,ecoflora,reproduction architecture,0,0,0,0,0,False,False,False,True,[],[],[],[]
hydrocotyle vulgaris|ecoflora,hydrocotyle vulgaris,ecoflora,reproduction system,1,0,0,1,1,True,True,True,True,"[""monoecious""]","[""monoecious""]",[],[]
hydrocotyle vulgaris|ecoflora,hydrocotyle vulgaris,ecoflora,stamen number,0,0,0,0,0,False,False,False,True,[],[],[],[]
hydrocotyle vulgaris|ecoflora,hydrocotyle vulgaris,ecoflora,stamen arrangement,0,0,0,0,0,False,False,False,True,[],[],[],[]
hydrocotyle vulgaris|ecoflora,hydrocotyle vulgaris,ecoflora,stamenoid number,0,0,0,0,0,False,False,False,True,[],[],[],[]
hydrocotyle vulgaris|ecoflora,hydrocotyle vulgaris,ecoflora,stamen min. length [cm],0,0,0,0,0,False,False,False,True,[],[],[],[]
hydrocotyle vulgaris|ecoflora,hydrocotyle vulgaris,ecoflora,stamen max. length [cm],0,0,0,0,0,False,False,False,True,[],[],[],[]
hydrocotyle vulgaris|ecoflora,hydrocotyle vulgaris,ecoflora,staminodium,0,0,0,0,0,False,False,False,True,[],[],[],[]
hydrocotyle vulgaris|ecoflora,hydrocotyle vulgaris,ecoflora,pollen colour,0,0,0,0,0,False,False,False,True,[],[],[],[]
hydrocotyle vulgaris|ecoflora,hydrocotyle vulgaris,ecoflora,carpel/ovary number,0,0,0,0,0,False,False,False,True,[],[],[],[]
hydrocotyle vulgaris|ecoflora,hydrocotyle vulgaris,ecoflora,gynoecium arrangement,0,0,0,0,0,False,False,False,True,[],[],[],[]
hydrocotyle vulgaris|ecoflora,hydrocotyle vulgaris,ecoflora,heterostyly,0,0,0,0,0,False,False,False,True,[],[],[],[]
hydrocotyle vulgaris|ecoflora,hydrocotyle vulgaris,ecoflora,pollination,0,0,0,0,0,False,False,False,True,[],[],[],[]
hydrocotyle vulgaris|ecoflora,hydrocotyle vulgaris,ecoflora,reward,0,0,0,0,0,False,False,False,True,[],[],[],[]
hydrocotyle vulgaris|ecoflora,hydrocotyle vulgaris,ecoflora,fruit type,0,0,1,1,0,True,False,True,False,"[""mericarp""]",[],[],"[""mericarp""]"
hydrocotyle vulgaris|ecoflora,hydrocotyle vulgaris,ecoflora,fruit structure,0,0,0,0,0,False,False,False,True,[],[],[],[]
hydrocotyle vulgaris|ecoflora,hydrocotyle vulgaris,ecoflora,fruit dehiscence,0,0,0,0,0,False,False,False,True,[],[],[],[]
hydrocotyle vulgaris|ecoflora,hydrocotyle vulgaris,ecoflora,fruit shape,0,0,0,0,0,False,False,False,True,[],[],[],[]
hydrocotyle vulgaris|ecoflora,hydrocotyle vulgaris,ecoflora,fruit colour,0,0,0,0,0,False,False,False,True,[],[],[],[]
hydrocotyle vulgaris|ecoflora,hydrocotyle vulgaris,ecoflora,seed colour,0,0,0,0,0,False,False,False,True,[],[],[],[]
hydrocotyle vulgaris|ecoflora,hydrocotyle vulgaris,ecoflora,seeds per fruit min,0,0,0,0,0,False,False,False,True,[],[],[],[]
hydrocotyle vulgaris|ecoflora,hydrocotyle vulgaris,ecoflora,seeds per fruit max,0,0,0,0,0,False,False,False,True,[],[],[],[]
hydrocotyle vulgaris|ecoflora,hydrocotyle vulgaris,ecoflora,seeds per fruit min.,0,0,0,0,0,False,False,False,True,[],[],[],[]
hydrocotyle vulgaris|ecoflora,hydrocotyle vulgaris,ecoflora,seed min. width [mm],0,0,0,0,0,False,False,False,True,[],[],[],[]
hydrocotyle vulgaris|ecoflora,hydrocotyle vulgaris,ecoflora,seed max. width [mm],0,0,0,0,0,False,False,False,True,[],[],[],[]
hydrocotyle vulgaris|ecoflora,hydrocotyle vulgaris,ecoflora,seed min. length [mm],0,0,0,0,0,False,False,False,True,[],[],[],[]
hydrocotyle vulgaris|ecoflora,hydrocotyle vulgaris,ecoflora,seed max. length [mm],0,0,0,0,0,False,False,False,True,[],[],[],[]
hydrocotyle vulgaris|ecoflora,hydrocotyle vulgaris,ecoflora,seed min. diameter [mm],0,0,0,0,0,False,False,False,True,[],[],[],[]
hydrocotyle vulgaris|ecoflora,hydrocotyle vulgaris,ecoflora,seed max. diameter [mm],0,0,0,0,0,False,False,False,True,[],[],[],[]
hydrocotyle vulgaris|ecoflora,hydrocotyle vulgaris,ecoflora,dispersal mode,0,0,0,0,0,False,False,False,True,[],[],[],[]
hydrocotyle vulgaris|ecoflora,hydrocotyle vulgaris,ecoflora,ploidy level (2n),0,0,0,0,0,False,False,False,True,[],[],[],[]
hydrocotyle vulgaris|ecoflora,hydrocotyle vulgaris,ecoflora,root min. depth [cm],0,0,0,0,0,False,False,False,True,[],[],[],[]
hydrocotyle vulgaris|ecoflora,hydrocotyle vulgaris,ecoflora,root max. depth [cm],0,0,0,0,0,False,False,False,True,[],[],[],[]
mentha aquatica|bhl|22883976.0,mentha aquatica,bhl,life form,1,0,0,1,1,True,True,True,True,"[""perennial""]","[""perennial""]",[],[]
mentha aquatica|bhl|22883976.0,mentha aquatica,bhl,habitat,0,1,0,0,1,False,True,True,False,[],"[""terrestrial""]","[""terrestrial""]",[]
mentha aquatica|bhl|22883976.0,mentha aquatica,bhl,habit,1,0,0,1,1,True,True,True,True,"[""erect leafy""]","[""erect leafy""]",[],[]
mentha aquatica|bhl|22883976.0,mentha aquatica,bhl,clonality,2,0,0,2,2,True,True,True,True,"[""solitary plant"", ""suckering""]","[""solitary plant"", ""suckering""]",[],[]
mentha aquatica|bhl|22883976.0,mentha aquatica,bhl,perennial organ,1,0,0,1,1,True,True,True,True,"[""stem""]","[""stem""]",[],[]
mentha aquatica|bhl|22883976.0,mentha aquatica,bhl,plant min. height [m],0,0,0,0,0,False,False,False,True,[],[],[],[]
mentha aquatica|bhl|22883976.0,mentha aquatica,bhl,plant max. height [m],0,0,0,0,0,False,False,False,True,[],[],[],[]
mentha aquatica|bhl|22883976.0,mentha aquatica,bhl,indumentum,1,0,2,3,1,True,True,True,False,"[""glabrous"", ""hirsute"", ""pubescent""]","[""pubescent""]",[],"[""glabrous"", ""hirsute""]"
mentha aquatica|bhl|22883976.0,mentha aquatica,bhl,spinescence,0,0,0,0,0,False,False,False,True,[],[],[],[]
mentha aquatica|bhl|22883976.0,mentha aquatica,bhl,succulence,0,0,0,0,0,False,False,False,True,[],[],[],[]
mentha aquatica|bhl|22883976.0,mentha aquatica,bhl,leaf arrangement,0,0,0,0,0,False,False,False,True,[],[],[],[]
mentha aquatica|bhl|22883976.0,mentha aquatica,bhl,leaf architecture,0,0,0,0,0,False,False,False,True,[],[],[],[]
mentha aquatica|bhl|22883976.0,mentha aquatica,bhl,leaf position,0,0,0,0,0,False,False,False,True,[],[],[],[]
mentha aquatica|bhl|22883976.0,mentha aquatica,bhl,leaf shape,4,0,0,4,4,True,True,True,True,"[""elliptic"", ""orbicular"", ""ovate"", ""rounded""]","[""elliptic"", ""orbicular"", ""ovate"", ""rounded""]",[],[]
mentha aquatica|bhl|22883976.0,mentha aquatica,bhl,leaf apex,3,0,0,3,3,True,True,True,True,"[""acute"", ""obtuse"", ""rounded""]","[""acute"", ""obtuse"", ""rounded""]",[],[]
mentha aquatica|bhl|22883976.0,mentha aquatica,bhl,leaf base,2,0,0,2,2,True,True,True,True,"[""cordate"", ""rounded""]","[""cordate"", ""rounded""]",[],[]
mentha aquatica|bhl|22883976.0,mentha aquatica,bhl,leaf margin,1,0,0,1,1,True,True,True,True,"[""serrate""]","[""serrate""]",[],[]
mentha aquatica|bhl|22883976.0,mentha aquatica,bhl,leaf min. width [cm],0,0,0,0,0,False,False,False,True,[],[],[],[]
mentha aquatica|bhl|22883976.0,mentha aquatica,bhl,leaf max. width [cm],0,0,0,0,0,False,False,False,True,[],[],[],[]
mentha aquatica|bhl|22883976.0,mentha aquatica,bhl,leaf min. length [cm],1,0,0,1,1,True,True,True,True,"[""3.0""]","[""3.0""]",[],[]
mentha aquatica|bhl|22883976.0,mentha aquatica,bhl,leaf max. length [cm],1,0,0,1,1,True,True,True,True,"[""8.0""]","[""8.0""]",[],[]
mentha aquatica|bhl|22883976.0,mentha aquatica,bhl,bract colour,0,0,0,0,0,False,False,False,True,[],[],[],[]
mentha aquatica|bhl|22883976.0,mentha aquatica,bhl,bracteole colour,0,0,0,0,0,False,False,False,True,[],[],[],[]
mentha aquatica|bhl|22883976.0,mentha aquatica,bhl,inflorescence arrangement,0,0,1,1,0,True,False,True,False,"[""spike""]",[],[],"[""spike""]"
mentha aquatica|bhl|22883976.0,mentha aquatica,bhl,inflorescence orientation,0,0,0,0,0,False,False,False,True,[],[],[],[]
mentha aquatica|bhl|22883976.0,mentha aquatica,bhl,flower sex,0,0,0,0,0,False,False,False,True,[],[],[],[]
mentha aquatica|bhl|22883976.0,mentha aquatica,bhl,flower architecture,0,0,0,0,0,False,False,False,True,[],[],[],[]
mentha aquatica|bhl|22883976.0,mentha aquatica,bhl,flower merosity,0,0,0,0,0,False,False,False,True,[],[],[],[]
mentha aquatica|bhl|22883976.0,mentha aquatica,bhl,flower symmetry,0,0,0,0,0,False,False,False,True,[],[],[],[]
mentha aquatica|bhl|22883976.0,mentha aquatica,bhl,flower shape,0,0,0,0,0,False,False,False,True,[],[],[],[]
mentha aquatica|bhl|22883976.0,mentha aquatica,bhl,flower colour,0,0,0,0,0,False,False,False,True,[],[],[],[]
mentha aquatica|bhl|22883976.0,mentha aquatica,bhl,flower orientation,0,0,0,0,0,False,False,False,True,[],[],[],[]
mentha aquatica|bhl|22883976.0,mentha aquatica,bhl,petal fusion,0,0,0,0,0,False,False,False,True,[],[],[],[]
mentha aquatica|bhl|22883976.0,mentha aquatica,bhl,petal colour,0,0,0,0,0,False,False,False,True,[],[],[],[]
mentha aquatica|bhl|22883976.0,mentha aquatica,bhl,petal min. width [cm],0,0,0,0,0,False,False,False,True,[],[],[],[]
mentha aquatica|bhl|22883976.0,mentha aquatica,bhl,petal max. width [cm],0,0,0,0,0,False,False,False,True,[],[],[],[]
mentha aquatica|bhl|22883976.0,mentha aquatica,bhl,calyx colour,0,0,0,0,0,False,False,False,True,[],[],[],[]
mentha aquatica|bhl|22883976.0,mentha aquatica,bhl,calyx min. length [cm],0,0,0,0,0,False,False,False,True,[],[],[],[]
mentha aquatica|bhl|22883976.0,mentha aquatica,bhl,calyx max. length [cm],0,0,0,0,0,False,False,False,True,[],[],[],[]
mentha aquatica|bhl|22883976.0,mentha aquatica,bhl,corolla colour,0,0,0,0,0,False,False,False,True,[],[],[],[]
mentha aquatica|bhl|22883976.0,mentha aquatica,bhl,corolla tube min. length [cm],0,0,0,0,0,False,False,False,True,[],[],[],[]
mentha aquatica|bhl|22883976.0,mentha aquatica,bhl,corolla tube max. length [cm],0,0,0,0,0,False,False,False,True,[],[],[],[]
mentha aquatica|bhl|22883976.0,mentha aquatica,bhl,corolla tube lipped,0,0,0,0,0,False,False,False,True,[],[],[],[]
mentha aquatica|bhl|22883976.0,mentha aquatica,bhl,labellum colour,0,0,0,0,0,False,False,False,True,[],[],[],[]
mentha aquatica|bhl|22883976.0,mentha aquatica,bhl,labellum min. width [cm],0,0,0,0,0,False,False,False,True,[],[],[],[]
mentha aquatica|bhl|22883976.0,mentha aquatica,bhl,labellum max. width [cm],0,0,0,0,0,False,False,False,True,[],[],[],[]
mentha aquatica|bhl|22883976.0,mentha aquatica,bhl,spur min. length [cm],0,0,0,0,0,False,False,False,True,[],[],[],[]
mentha aquatica|bhl|22883976.0,mentha aquatica,bhl,spur max. length [cm],0,0,0,0,0,False,False,False,True,[],[],[],[]
mentha aquatica|bhl|22883976.0,mentha aquatica,bhl,reproduction architecture,0,0,0,0,0,False,False,False,True,[],[],[],[]
mentha aquatica|bhl|22883976.0,mentha aquatica,bhl,reproduction system,0,0,0,0,0,False,False,False,True,[],[],[],[]
mentha aquatica|bhl|22883976.0,mentha aquatica,bhl,stamen number,0,0,0,0,0,False,False,False,True,[],[],[],[]
mentha aquatica|bhl|22883976.0,mentha aquatica,bhl,stamen arrangement,0,0,0,0,0,False,False,False,True,[],[],[],[]
mentha aquatica|bhl|22883976.0,mentha aquatica,bhl,stamenoid number,0,0,0,0,0,False,False,False,True,[],[],[],[]
mentha aquatica|bhl|22883976.0,mentha aquatica,bhl,stamen min. length [cm],0,0,0,0,0,False,False,False,True,[],[],[],[]
mentha aquatica|bhl|22883976.0,mentha aquatica,bhl,stamen max. length [cm],0,0,0,0,0,False,False,False,True,[],[],[],[]
mentha aquatica|bhl|22883976.0,mentha aquatica,bhl,staminodium,0,0,0,0,0,False,False,False,True,[],[],[],[]
mentha aquatica|bhl|22883976.0,mentha aquatica,bhl,pollen colour,0,0,0,0,0,False,False,False,True,[],[],[],[]
mentha aquatica|bhl|22883976.0,mentha aquatica,bhl,carpel/ovary number,0,0,0,0,0,False,False,False,True,[],[],[],[]
mentha aquatica|bhl|22883976.0,mentha aquatica,bhl,gynoecium arrangement,0,0,0,0,0,False,False,False,True,[],[],[],[]
mentha aquatica|bhl|22883976.0,mentha aquatica,bhl,heterostyly,0,0,0,0,0,False,False,False,True,[],[],[],[]
mentha aquatica|bhl|22883976.0,mentha aquatica,bhl,pollination,0,0,0,0,0,False,False,False,True,[],[],[],[]
mentha aquatica|bhl|22883976.0,mentha aquatica,bhl,reward,0,0,0,0,0,False,False,False,True,[],[],[],[]
mentha aquatica|bhl|22883976.0,mentha aquatica,bhl,fruit type,0,0,0,0,0,False,False,False,True,[],[],[],[]
mentha aquatica|bhl|22883976.0,mentha aquatica,bhl,fruit structure,0,0,0,0,0,False,False,False,True,[],[],[],[]
mentha aquatica|bhl|22883976.0,mentha aquatica,bhl,fruit dehiscence,0,0,0,0,0,False,False,False,True,[],[],[],[]
mentha aquatica|bhl|22883976.0,mentha aquatica,bhl,fruit shape,0,0,0,0,0,False,False,False,True,[],[],[],[]
mentha aquatica|bhl|22883976.0,mentha aquatica,bhl,fruit colour,0,0,0,0,0,False,False,False,True,[],[],[],[]
mentha aquatica|bhl|22883976.0,mentha aquatica,bhl,seed colour,0,0,0,0,0,False,False,False,True,[],[],[],[]
mentha aquatica|bhl|22883976.0,mentha aquatica,bhl,seeds per fruit min,0,0,0,0,0,False,False,False,True,[],[],[],[]
mentha aquatica|bhl|22883976.0,mentha aquatica,bhl,seeds per fruit max,0,0,0,0,0,False,False,False,True,[],[],[],[]
mentha aquatica|bhl|22883976.0,mentha aquatica,bhl,seeds per fruit min.,0,0,0,0,0,False,False,False,True,[],[],[],[]
mentha aquatica|bhl|22883976.0,mentha aquatica,bhl,seed min. width [mm],0,0,0,0,0,False,False,False,True,[],[],[],[]
mentha aquatica|bhl|22883976.0,mentha aquatica,bhl,seed max. width [mm],0,0,0,0,0,False,False,False,True,[],[],[],[]
mentha aquatica|bhl|22883976.0,mentha aquatica,bhl,seed min. length [mm],0,0,0,0,0,False,False,False,True,[],[],[],[]
mentha aquatica|bhl|22883976.0,mentha aquatica,bhl,seed max. length [mm],0,0,0,0,0,False,False,False,True,[],[],[],[]
mentha aquatica|bhl|22883976.0,mentha aquatica,bhl,seed min. diameter [mm],0,0,0,0,0,False,False,False,True,[],[],[],[]
mentha aquatica|bhl|22883976.0,mentha aquatica,bhl,seed max. diameter [mm],0,0,0,0,0,False,False,False,True,[],[],[],[]
mentha aquatica|bhl|22883976.0,mentha aquatica,bhl,dispersal mode,0,0,0,0,0,False,False,False,True,[],[],[],[]
mentha aquatica|bhl|22883976.0,mentha aquatica,bhl,ploidy level (2n),0,0,0,0,0,False,False,False,True,[],[],[],[]
mentha aquatica|bhl|22883976.0,mentha aquatica,bhl,root min. depth [cm],0,0,0,0,0,False,False,False,True,[],[],[],[]
mentha aquatica|bhl|22883976.0,mentha aquatica,bhl,root max. depth [cm],0,0,0,0,0,False,False,False,True,[],[],[],[]
plantago lanceolata|bhl|7934546.0,plantago lanceolata,bhl,life form,1,0,0,1,1,True,True,True,True,"[""perennial""]","[""perennial""]",[],[]
plantago lanceolata|bhl|7934546.0,plantago lanceolata,bhl,habitat,0,1,0,0,1,False,True,True,False,[],"[""terrestrial""]","[""terrestrial""]",[]
plantago lanceolata|bhl|7934546.0,plantago lanceolata,bhl,habit,0,1,0,0,1,False,True,True,False,[],"[""erect leafy""]","[""erect leafy""]",[]
plantago lanceolata|bhl|7934546.0,plantago lanceolata,bhl,clonality,0,1,0,0,1,False,True,True,False,[],"[""rhizomatous""]","[""rhizomatous""]",[]
plantago lanceolata|bhl|7934546.0,plantago lanceolata,bhl,perennial organ,0,1,0,0,1,False,True,True,False,[],"[""rhizome""]","[""rhizome""]",[]
plantago lanceolata|bhl|7934546.0,plantago lanceolata,bhl,plant min. height [m],0,0,1,1,0,True,False,True,False,"[""0.15""]",[],[],"[""0.15""]"
plantago lanceolata|bhl|7934546.0,plantago lanceolata,bhl,plant max. height [m],0,0,1,1,0,True,False,True,False,"[""0.5""]",[],[],"[""0.5""]"
plantago lanceolata|bhl|7934546.0,plantago lanceolata,bhl,indumentum,0,0,1,1,0,True,False,True,False,"[""strigose""]",[],[],"[""strigose""]"
plantago lanceolata|bhl|7934546.0,plantago lanceolata,bhl,spinescence,0,0,0,0,0,False,False,False,True,[],[],[],[]
plantago lanceolata|bhl|7934546.0,plantago lanceolata,bhl,succulence,0,0,0,0,0,False,False,False,True,[],[],[],[]
plantago lanceolata|bhl|7934546.0,plantago lanceolata,bhl,leaf arrangement,0,0,0,0,0,False,False,False,True,[],[],[],[]
plantago lanceolata|bhl|7934546.0,plantago lanceolata,bhl,leaf architecture,0,0,0,0,0,False,False,False,True,[],[],[],[]
plantago lanceolata|bhl|7934546.0,plantago lanceolata,bhl,leaf position,0,0,0,0,0,False,False,False,True,[],[],[],[]
plantago lanceolata|bhl|7934546.0,plantago lanceolata,bhl,leaf shape,4,0,0,4,4,True,True,True,True,"[""elliptic"", ""lanceolate"", ""oblanceolate"", ""spatulate""]","[""elliptic"", ""lanceolate"", ""oblanceolate"", ""spatulate""]",[],[]
plantago lanceolata|bhl|7934546.0,plantago lanceolata,bhl,leaf apex,1,1,0,1,2,True,True,True,False,"[""acute""]","[""acute"", ""lanceolate""]","[""lanceolate""]",[]
plantago lanceolata|bhl|7934546.0,plantago lanceolata,bhl,leaf base,1,0,0,1,1,True,True,True,True,"[""attenuate""]","[""attenuate""]",[],[]
plantago lanceolata|bhl|7934546.0,plantago lanceolata,bhl,leaf margin,2,0,0,2,2,True,True,True,True,"[""denticulate"", ""entire""]","[""denticulate"", ""entire""]",[],[]
plantago lanceolata|bhl|7934546.0,plantago lanceolata,bhl,leaf min. width [cm],1,0,0,1,1,True,True,True,True,"[""0.3""]","[""0.3""]",[],[]
plantago lanceolata|bhl|7934546.0,plantago lanceolata,bhl,leaf max. width [cm],1,0,0,1,1,True,True,True,True,"[""4.0""]","[""4.0""]",[],[]
plantago lanceolata|bhl|7934546.0,plantago lanceolata,bhl,leaf min. length [cm],1,0,0,1,1,True,True,True,True,"[""5.0""]","[""5.0""]",[],[]
plantago lanceolata|bhl|7934546.0,plantago lanceolata,bhl,leaf max. length [cm],1,0,0,1,1,True,True,True,True,"[""30.0""]","[""30.0""]",[],[]
plantago lanceolata|bhl|7934546.0,plantago lanceolata,bhl,bract colour,0,0,0,0,0,False,False,False,True,[],[],[],[]
plantago lanceolata|bhl|7934546.0,plantago lanceolata,bhl,bracteole colour,0,0,0,0,0,False,False,False,True,[],[],[],[]
plantago lanceolata|bhl|7934546.0,plantago lanceolata,bhl,inflorescence arrangement,0,0,0,0,0,False,False,False,True,[],[],[],[]
plantago lanceolata|bhl|7934546.0,plantago lanceolata,bhl,inflorescence orientation,0,0,0,0,0,False,False,False,True,[],[],[],[]
plantago lanceolata|bhl|7934546.0,plantago lanceolata,bhl,flower sex,0,0,0,0,0,False,False,False,True,[],[],[],[]
plantago lanceolata|bhl|7934546.0,plantago lanceolata,bhl,flower architecture,0,0,0,0,0,False,False,False,True,[],[],[],[]
plantago lanceolata|bhl|7934546.0,plantago lanceolata,bhl,flower merosity,0,0,0,0,0,False,False,False,True,[],[],[],[]
plantago lanceolata|bhl|7934546.0,plantago lanceolata,bhl,flower symmetry,0,0,0,0,0,False,False,False,True,[],[],[],[]
plantago lanceolata|bhl|7934546.0,plantago lanceolata,bhl,flower shape,0,0,0,0,0,False,False,False,True,[],[],[],[]
plantago lanceolata|bhl|7934546.0,plantago lanceolata,bhl,flower colour,0,0,0,0,0,False,False,False,True,[],[],[],[]
plantago lanceolata|bhl|7934546.0,plantago lanceolata,bhl,flower orientation,0,0,0,0,0,False,False,False,True,[],[],[],[]
plantago lanceolata|bhl|7934546.0,plantago lanceolata,bhl,petal fusion,0,0,1,1,0,True,False,True,False,"[""fusion""]",[],[],"[""fusion""]"
plantago lanceolata|bhl|7934546.0,plantago lanceolata,bhl,petal colour,0,0,0,0,0,False,False,False,True,[],[],[],[]
plantago lanceolata|bhl|7934546.0,plantago lanceolata,bhl,petal min. width [cm],0,0,0,0,0,False,False,False,True,[],[],[],[]
plantago lanceolata|bhl|7934546.0,plantago lanceolata,bhl,petal max. width [cm],0,0,0,0,0,False,False,False,True,[],[],[],[]
plantago lanceolata|bhl|7934546.0,plantago lanceolata,bhl,calyx colour,0,0,0,0,0,False,False,False,True,[],[],[],[]
plantago lanceolata|bhl|7934546.0,plantago lanceolata,bhl,calyx min. length [cm],0,0,0,0,0,False,False,False,True,[],[],[],[]
plantago lanceolata|bhl|7934546.0,plantago lanceolata,bhl,calyx max. length [cm],0,0,0,0,0,False,False,False,True,[],[],[],[]
plantago lanceolata|bhl|7934546.0,plantago lanceolata,bhl,corolla colour,0,0,0,0,0,False,False,False,True,[],[],[],[]
plantago lanceolata|bhl|7934546.0,plantago lanceolata,bhl,corolla tube min. length [cm],0,0,0,0,0,False,False,False,True,[],[],[],[]
plantago lanceolata|bhl|7934546.0,plantago lanceolata,bhl,corolla tube max. length [cm],0,0,0,0,0,False,False,False,True,[],[],[],[]
plantago lanceolata|bhl|7934546.0,plantago lanceolata,bhl,corolla tube lipped,0,0,0,0,0,False,False,False,True,[],[],[],[]
plantago lanceolata|bhl|7934546.0,plantago lanceolata,bhl,labellum colour,0,0,0,0,0,False,False,False,True,[],[],[],[]
plantago lanceolata|bhl|7934546.0,plantago lanceolata,bhl,labellum min. width [cm],0,0,0,0,0,False,False,False,True,[],[],[],[]
plantago lanceolata|bhl|7934546.0,plantago lanceolata,bhl,labellum max. width [cm],0,0,0,0,0,False,False,False,True,[],[],[],[]
plantago lanceolata|bhl|7934546.0,plantago lanceolata,bhl,spur min. length [cm],0,0,0,0,0,False,False,False,True,[],[],[],[]
plantago lanceolata|bhl|7934546.0,plantago lanceolata,bhl,spur max. length [cm],0,0,0,0,0,False,False,False,True,[],[],[],[]
plantago lanceolata|bhl|7934546.0,plantago lanceolata,bhl,reproduction architecture,0,0,0,0,0,False,False,False,True,[],[],[],[]
plantago lanceolata|bhl|7934546.0,plantago lanceolata,bhl,reproduction system,0,0,0,0,0,False,False,False,True,[],[],[],[]
plantago lanceolata|bhl|7934546.0,plantago lanceolata,bhl,stamen number,1,0,0,1,1,True,True,True,True,"[""4.0""]","[""4.0""]",[],[]
plantago lanceolata|bhl|7934546.0,plantago lanceolata,bhl,stamen arrangement,0,0,0,0,0,False,False,False,True,[],[],[],[]
plantago lanceolata|bhl|7934546.0,plantago lanceolata,bhl,stamenoid number,0,0,0,0,0,False,False,False,True,[],[],[],[]
plantago lanceolata|bhl|7934546.0,plantago lanceolata,bhl,stamen min. length [cm],0,0,0,0,0,False,False,False,True,[],[],[],[]
plantago lanceolata|bhl|7934546.0,plantago lanceolata,bhl,stamen max. length [cm],0,0,0,0,0,False,False,False,True,[],[],[],[]
plantago lanceolata|bhl|7934546.0,plantago lanceolata,bhl,staminodium,0,0,0,0,0,False,False,False,True,[],[],[],[]
plantago lanceolata|bhl|7934546.0,plantago lanceolata,bhl,pollen colour,0,0,0,0,0,False,False,False,True,[],[],[],[]
plantago lanceolata|bhl|7934546.0,plantago lanceolata,bhl,carpel/ovary number,0,0,0,0,0,False,False,False,True,[],[],[],[]
plantago lanceolata|bhl|7934546.0,plantago lanceolata,bhl,gynoecium arrangement,0,0,0,0,0,False,False,False,True,[],[],[],[]
plantago lanceolata|bhl|7934546.0,plantago lanceolata,bhl,heterostyly,0,0,0,0,0,False,False,False,True,[],[],[],[]
plantago lanceolata|bhl|7934546.0,plantago lanceolata,bhl,pollination,0,0,0,0,0,False,False,False,True,[],[],[],[]
plantago lanceolata|bhl|7934546.0,plantago lanceolata,bhl,reward,0,0,0,0,0,False,False,False,True,[],[],[],[]
plantago lanceolata|bhl|7934546.0,plantago lanceolata,bhl,fruit type,0,0,1,1,0,True,False,True,False,"[""capsule""]",[],[],"[""capsule""]"
plantago lanceolata|bhl|7934546.0,plantago lanceolata,bhl,fruit structure,0,0,0,0,0,False,False,False,True,[],[],[],[]
plantago lanceolata|bhl|7934546.0,plantago lanceolata,bhl,fruit dehiscence,0,0,0,0,0,False,False,False,True,[],[],[],[]
plantago lanceolata|bhl|7934546.0,plantago lanceolata,bhl,fruit shape,0,0,0,0,0,False,False,False,True,[],[],[],[]
plantago lanceolata|bhl|7934546.0,plantago lanceolata,bhl,fruit colour,0,0,0,0,0,False,False,False,True,[],[],[],[]
plantago lanceolata|bhl|7934546.0,plantago lanceolata,bhl,seed colour,0,0,0,0,0,False,False,False,True,[],[],[],[]
plantago lanceolata|bhl|7934546.0,plantago lanceolata,bhl,seeds per fruit min,0,0,0,0,0,False,False,False,True,[],[],[],[]
plantago lanceolata|bhl|7934546.0,plantago lanceolata,bhl,seeds per fruit max,0,0,1,1,0,True,False,True,False,"[""2.0""]",[],[],"[""2.0""]"
plantago lanceolata|bhl|7934546.0,plantago lanceolata,bhl,seeds per fruit min.,0,0,1,1,0,True,False,True,False,"[""2.0""]",[],[],"[""2.0""]"
plantago lanceolata|bhl|7934546.0,plantago lanceolata,bhl,seed min. width [mm],0,0,0,0,0,False,False,False,True,[],[],[],[]
plantago lanceolata|bhl|7934546.0,plantago lanceolata,bhl,seed max. width [mm],0,0,0,0,0,False,False,False,True,[],[],[],[]
plantago lanceolata|bhl|7934546.0,plantago lanceolata,bhl,seed min. length [mm],0,1,0,0,1,False,True,True,False,[],"[""2.0""]","[""2.0""]",[]
plantago lanceolata|bhl|7934546.0,plantago lanceolata,bhl,seed max. length [mm],0,1,0,0,1,False,True,True,False,[],"[""4.0""]","[""4.0""]",[]
plantago lanceolata|bhl|7934546.0,plantago lanceolata,bhl,seed min. diameter [mm],0,0,0,0,0,False,False,False,True,[],[],[],[]
plantago lanceolata|bhl|7934546.0,plantago lanceolata,bhl,seed max. diameter [mm],0,0,0,0,0,False,False,False,True,[],[],[],[]
plantago lanceolata|bhl|7934546.0,plantago lanceolata,bhl,dispersal mode,0,0,0,0,0,False,False,False,True,[],[],[],[]
plantago lanceolata|bhl|7934546.0,plantago lanceolata,bhl,ploidy level (2n),2,0,0,2,2,True,True,True,True,"[""12"", ""24""]","[""12"", ""24""]",[],[]
plantago lanceolata|bhl|7934546.0,plantago lanceolata,bhl,root min. depth [cm],0,0,0,0,0,False,False,False,True,[],[],[],[]
plantago lanceolata|bhl|7934546.0,plantago lanceolata,bhl,root max. depth [cm],0,0,0,0,0,False,False,False,True,[],[],[],[]
